tree
version=v4
num_class=1
num_tree_per_iteration=1
label_index=0
max_feature_idx=8
objective=binary sigmoid:1
feature_names=log_return SMA_50 SMA_200 RSI_14 MACD MACD_signal MACD_hist BB_upper BB_lower
feature_infos=[-0.70572596788406372:0.3291371762752533] [4.5296000385284421:65254.316796874999] [4.8943499898910519:62584.599746093751] [5.5146972037014166:95.013348822286147] [-2766.7861435311788:2485.1137928053067] [-2442.6347602847659:2166.7770231932464] [-1302.3897422154569:818.37814843602609] [4.5977304921423388:69901.403883702282] [4.0801827952221066:64473.97939220228]
tree_sizes=3398 3453 3467 3451 3454 3448 3449 3449 3443 3455 3446 3437 3450 3444 3450 3423 3427 3426 3430 3426 3439 3456 3438 3451 3450

Tree=0
num_leaves=31
num_cat=0
split_feature=0 1 1 5 0 1 6 3 3 1 7 6 0 2 2 2 7 0 0 0 1 5 5 7 5 0 3 3 1 2
split_gain=162.677 58.9855 22.0556 16.3449 13.124 12.2497 11.6746 11.3411 9.4295 9.76807 9.63973 19.7382 9.02711 8.91413 7.04569 7.01193 9.39303 6.87526 6.42578 11.4264 6.42366 6.22919 11.9733 8.20466 12.9001 7.51469 6.05708 7.09479 6.02582 5.97862
threshold=-0.0010260837734676895 13.2871000289917 226.00699951171879 0.068406172457625244 -0.0028963866643607612 5.4258999776840211 146.00446267900571 52.481953666911934 61.534304525080451 52209.615625000013 332.59518163479601 0.80037360126824786 0.0018233118462376299 8114.6218249511721 10.336099991798402 10552.712580566409 40671.954041649653 -0.015973934903740879 -0.0038197481771931048 -0.01267900178208947 364.63650054931645 113.72316830583208 0.39496437028064219 9492.1102846153353 -228.95836751757403 0.0027766979765146975 46.118652843186538 32.960978563778198 10219.829345703127 120.61927522659303
decision_type=2 2 2 2 2 2 2 2 2 2 2 2 2 2 2 2 2 2 2 2 2 2 2 2 2 2 2 2 2 2
left_child=3 5 29 4 14 7 8 -2 10 -10 11 -4 15 18 17 20 -17 -1 19 -5 -12 22 23 -14 26 -23 27 -25 -22 -3
right_child=1 2 6 13 -6 -7 -8 -9 9 -11 12 -13 21 -15 -16 16 -18 -19 -20 -21 28 25 -24 24 -26 -27 -28 -29 -30 -31
leaf_value=0.05868071259754 0.019340266394076096 0.045930755051686728 0.029475934801640513 0.053920626143263574 0.036987605219901618 0.021381423467750842 0.019384266611889467 -0.014836643063092313 0.042553867430899464 -0.0079040182098179187 0.079311223528715363 -0.023862147288563729 0.039446222876904601 0.050570158696346741 0.052839562549392524 0.074022076376417278 0.035424091101138699 0.021996585442241263 0.053844828534334879 0.069631290962225131 0.039290290123985119 0.089450072874774411 0.023323709153407621 0.010568413215473166 0.013251738973424691 0.040913688747643881 0.021320117946091642 0.054820686165709877 0.0012622319338617058 0.062146194855226572
leaf_weight=18.491549015045166 44.729557752609253 196.91000843048096 151.43079328536987 185.16537594795227 191.41252088546753 182.16674637794495 103.7026059627533 58.473276615142822 605.9730589389801 8.7460029125213605 8.7460029125213605 18.741434812545776 446.5459201335907 313.10690426826477 737.41298842430115 34.984011650085449 27.487437725067139 36.483326435089111 239.14070820808411 317.85473442077637 356.08726143836975 7.74645972251892 279.37232160568237 9.7455461025238019 88.459572315216064 89.709001302719116 29.986295700073242 57.223847627639771 9.7455461025238019 79.213797807693481
leaf_count=74 179 788 606 741 766 729 415 234 2425 35 35 75 1787 1253 2951 140 110 146 957 1272 1425 31 1118 39 354 359 120 229 39 317
internal_value=0.0425446 0.0349282 0.0372936 0.0533602 0.0487148 0.0133844 0.0357127 -0.000390726 0.0364819 0.0417549 0.034478 0.0232468 0.0358124 0.0576813 0.0515513 0.0418179 0.0571911 0.0343999 0.0606669 0.0638817 0.0392224 0.0332141 0.0319303 0.0357598 0.0269468 0.0452068 0.0396155 0.0480022 0.0381669 0.0506358
internal_weight=4934.99 2895.93 2610.56 2039.07 983.8 285.37 2334.43 103.203 2230.73 614.719 1616.01 170.172 1445.84 1055.27 792.388 437.05 62.4714 54.9749 742.161 503.02 374.579 1008.79 911.334 631.961 185.415 97.4555 96.9557 66.9694 365.833 276.124
internal_count=19749 11589 10447 8160 3937 1142 9342 413 8927 2460 6467 681 5786 4223 3171 1749 250 220 2970 2013 1499 4037 3647 2529 742 390 388 268 1464 1105
is_linear=0
shrinkage=1


Tree=1
num_leaves=31
num_cat=0
split_feature=0 1 1 5 0 1 6 3 7 5 0 3 2 2 6 0 5 1 3 0 2 5 5 8 0 6 5 3 3 7
split_gain=146.934 53.2745 19.9269 14.7734 11.8502 11.0856 10.5398 10.2443 8.59899 11.1081 8.20704 8.99973 8.05801 6.36386 6.29926 6.22831 5.96066 10.4323 10.5749 8.74735 6.50758 9.96689 9.76999 6.68385 5.96046 6.55524 6.02304 9.15188 6.13402 5.94708
threshold=-0.0010260837734676895 13.2871000289917 226.00699951171879 0.068406172457625244 -0.0028963866643607612 5.4258999776840211 146.00446267900571 52.481953666911934 332.59518163479601 -5.298744740450231 0.0016041637281887235 71.89294235977917 8114.6218249511721 10.336099991798402 2.9767052115788988 -0.015973934903740879 147.97573315904481 33471.994042968756 61.930944416361399 0.010986433364450933 8394.7805187988306 -395.52701000033545 -14.359897678461694 52877.003843333499 -0.02229282725602388 -15.182894547795867 974.94519138027431 56.529857457877704 52.610438399912326 59309.214780012298
decision_type=2 2 2 2 2 2 2 2 2 2 2 2 2 2 2 2 2 2 2 2 2 2 2 2 2 2 2 2 2 2
left_child=3 5 -3 4 13 7 8 -2 9 -4 -10 16 -5 15 -13 -1 20 19 -19 -18 22 23 -12 -22 -14 26 27 28 -26 -27
right_child=1 2 6 12 -6 -7 -8 -9 10 -11 11 14 24 -15 -16 -17 17 18 -20 -21 21 -23 -24 -25 25 29 -28 -29 -30 -31
leaf_value=0.015178334576972799 -0.022259355816795692 0.0074944564149384031 -0.058105212525560335 0.017030033898646074 -0.0054777925888903085 -0.020301522811472204 -0.022203046991155669 -0.054735797480127225 0.0005646646943206203 -0.012294357418728327 0.0038590676195197592 0.020738573713736511 -0.010351926026737419 0.0095854714140573838 -0.0015072261146640122 -0.019739449340516704 0.024724564104525358 0.00071710190366571923 -0.04092531352585306 -0.0054980112222449001 -0.0042437907773305436 -0.019111883631640028 -0.0096784433741234563 0.039558239989681908 0.015247992999312924 0.0064006534377507099 0.051543050477351672 -0.017468493120019621 0.051004318619805103 -0.02828337187641522
leaf_weight=18.484083831310272 44.745814993977547 276.06966952979565 13.247590005397795 741.80692577362061 191.43451622128487 182.22917573153973 103.74025404453278 58.49678161740303 508.76162588596344 209.19318829476833 166.68524850904942 41.731104865670204 40.22427698969841 737.23529221117496 124.1938764154911 36.495585769414902 52.973798543214798 41.72606648504734 22.992540195584297 42.481329947710037 57.219586208462715 285.67898637056351 654.78679625689983 9.2451107203960401 69.455583870410919 147.65557578206062 11.992331027984617 17.23897585272789 13.991052865982054 12.492011487483976
leaf_count=74 179 1105 53 2970 766 729 415 234 2036 837 667 167 161 2951 497 146 212 167 92 170 229 1143 2620 37 278 591 48 69 56 50
internal_value=-0.000199777 -0.00743718 -0.00518901 0.0100813 0.00566477 -0.0279075 -0.00669138 -0.0410089 -0.00596045 -0.0152705 -0.00492226 -0.00678278 0.0141905 0.00836082 0.00417844 -0.00793871 -0.00814848 0.000894405 -0.0144748 0.0113568 -0.00938235 -0.0150669 -0.00693019 0.00234503 0.00742912 0.0100789 0.0192647 0.0149511 0.0217761 0.00353647
internal_weight=4934.7 2896.2 2610.73 2038.51 983.649 285.472 2334.66 103.243 2230.92 222.441 2008.48 1499.71 1054.86 792.215 165.925 54.9797 1333.79 160.174 64.7186 95.4551 1173.62 352.144 821.472 66.4647 313.05 272.826 112.678 100.686 83.4466 160.148
internal_count=19749 11589 10447 8160 3937 1142 9342 413 8927 890 8037 6001 4223 3171 664 220 5337 641 259 382 4696 1409 3287 266 1253 1092 451 403 334 641
is_linear=0
shrinkage=0.05


Tree=2
num_leaves=31
num_cat=0
split_feature=0 8 1 0 6 1 1 5 4 4 1 5 3 3 3 4 7 5 6 0 4 5 4 3 1 5 7 5 8 3
split_gain=133.406 55.3734 19.5018 12.0667 9.16913 9.10054 8.51628 8.43878 10.9726 13.4585 8.85099 10.1042 8.32785 8.00546 7.79277 9.38543 7.60107 8.05445 7.59998 7.1186 7.04327 6.81193 6.49352 6.35468 8.06629 6.16605 11.0128 11.2103 5.85277 6.55871
threshold=-0.0025939878541976209 13.607260863013499 227.52639984130863 0.0016041637281887235 97.664875513533744 5.4258999776840211 6.4488000202178961 2.0790867432163718 2.0350340089109697 -0.56218529309172982 328.25439941406256 -0.64401909169374805 39.126812337115162 61.370109065841568 52.481953666911934 -0.014833292182080625 63536.030946345971 -0.17208715255575655 -154.98779133869422 -0.02229282725602388 894.65551728347793 -452.34751301089608 -1.5554237521897958 49.682574075053701 53498.598476562511 81.843662011673231 9449.8185710836351 -1.6428841859841403 6475.2305668590825 38.197441908897034
decision_type=2 2 2 2 2 2 2 2 2 2 2 2 2 2 2 2 2 2 2 2 2 2 2 2 2 2 2 2 2 2
left_child=6 5 12 7 13 14 19 10 9 -9 11 -4 -3 21 15 -2 17 22 -18 -1 -15 -5 -8 -10 -25 26 27 -23 -19 -30
right_child=1 2 3 4 -6 -7 16 8 23 -11 -12 -13 -14 20 -16 -17 18 28 -20 -21 -22 25 -24 24 -26 -27 -28 -29 29 -31
leaf_value=0.021196056983545639 -0.040286057422565053 -0.030842857919770206 -0.034881644334697925 0.0082808941271255015 -0.020787141241674786 -0.019335237696962809 0.010660665534550222 0.0029775242233979092 -0.020324212914821532 0.067721944121932651 -0.0016775393235367786 -0.0016370680131413446 0.0097569141203098422 -0.00016832006978889026 -0.048463017520271726 0.0031904605754121589 0.012070698195573404 0.018409349101119379 -0.050599911211975192 -0.018944440343020341 -0.030837598173369587 -0.0031104898538831176 -0.0012595842562276836 0.0060719527383672964 -0.037544354977587957 0.00049979320926046725 -0.023054411991149992 -0.015161276800529319 -0.018662587997346988 0.011706441874475412
leaf_weight=14.230898916721342 27.499633431434631 12.240748107433317 46.236841633915901 53.212960883975029 124.23977407813072 211.2321540415287 557.71737852692604 17.487148016691211 26.980459600687027 13.989904209971426 434.30026207864285 44.482222691178322 292.74992862343788 471.05401906371117 64.676962688565254 21.749153673648834 8.9900086075067538 579.12786231935024 8.7454318851232511 39.733056753873825 18.495301976799965 409.37422546744347 143.36711105704308 301.04341258108616 9.9974648207426053 124.93774497509003 164.23972031474113 365.21499226987362 17.982712805271149 308.66766361892223
leaf_count=57 110 49 185 213 497 845 2233 70 108 56 1738 178 1172 1885 259 87 36 2320 35 159 74 1638 574 1205 40 500 657 1461 72 1236
internal_value=-0.000190634 -0.00609393 -0.00391722 -0.00530794 -0.00774376 -0.025638 0.0112551 -0.000591589 0.00518926 0.0329522 -0.00466217 -0.0187764 0.00803198 -0.00672276 -0.037054 -0.0214046 0.0119049 0.0122679 -0.0198838 -0.0081659 -0.00138751 -0.00905775 0.00822473 0.00251435 0.00455421 -0.00993205 -0.0113194 -0.0088046 0.0153848 0.00998271
internal_weight=4934 3255.44 2930.28 2625.29 1730.77 325.158 1678.56 894.518 369.498 31.4771 525.019 90.7191 304.991 1606.53 113.926 49.2488 1624.6 1606.86 17.7354 53.964 489.549 1116.98 701.084 338.021 311.041 1063.77 938.829 774.589 905.778 326.65
internal_count=19749 13027 11726 10505 6925 1301 6722 3580 1479 126 2101 363 1221 6428 456 197 6506 6435 71 216 1959 4469 2807 1353 1245 4256 3756 3099 3628 1308
is_linear=0
shrinkage=0.05


Tree=3
num_leaves=31
num_cat=0
split_feature=0 1 1 5 0 5 1 6 7 6 5 2 1 0 0 0 0 7 4 2 2 4 0 0 2 1 6 2 4 2
split_gain=120.594 43.5957 16.3623 12.2559 9.85942 10.301 9.23215 8.78726 7.45635 10.8895 9.51351 7.0721 6.75795 6.74538 6.49831 6.02958 5.91769 6.03574 6.59314 5.81216 6.05721 5.4994 5.39792 6.7974 5.99928 9.48486 9.38839 8.54528 6.33171 5.30898
threshold=-0.0010260837734676895 13.2871000289917 226.00699951171879 0.068406172457625244 -0.0042443515267223111 0.022168579522476448 5.4258999776840211 146.00446267900571 332.59518163479601 0.80037360126824786 -2.1947166526540598 360.99769950866704 56994.826679687503 0.010708016809076073 0.0016041637281887235 0.014228853862732651 0.0066450100857764491 233.58668747937062 0.61450251558173374 383.28790000915529 390.61390007019048 2.4310683013084575 -0.016630152240395542 -0.0031778289703652258 7245.5882482910165 7587.055009765626 -17.080175339895458 34261.062963867196 -20.881801018254304 120.61927522659303
decision_type=2 2 2 2 2 2 2 2 2 2 2 2 2 2 2 2 2 2 2 2 2 2 2 2 2 2 2 2 2 2
left_child=3 6 29 4 -1 -6 15 8 9 16 -11 -10 22 -12 -13 -2 17 -4 -19 -16 -21 -20 -5 24 -24 -26 28 -28 -27 -3
right_child=1 2 7 12 5 -7 -8 -9 11 10 13 14 -14 -15 19 -17 -18 18 21 20 -22 -23 23 -25 25 26 27 -29 -30 -31
leaf_value=0.0084986405566543962 -0.031680337524520451 0.0023598648354845532 0.015545741412199089 0.0059990211028205006 -6.565262874919873e-05 -0.039831691599898855 -0.018329774857169731 -0.020230812313589027 0.011903306149651825 -0.068180334949618171 0.0088031099917434113 -4.4554602112453708e-05 -0.013089375116420294 -0.041854067969670172 -0.026968983660669073 -0.066993826597598657 0.0062152749725581215 -0.027029701320853777 0.007869887883789917 0.02889787659729939 -0.0064663980840494201 -0.02884293779017133 0.021795156460411719 0.008368803683241291 -0.026823394648643101 -0.011250861860452726 -0.004225233174383591 0.026110598816892934 0.034341821813311871 0.017641918341199159
leaf_weight=674.15482121706009 88.568073317408562 196.82128213346004 14.49839501082897 196.68720741569996 292.82755741477013 16.244521424174309 182.23481360077858 103.73718045651913 63.219571560621262 14.727429047226904 12.246456429362299 498.23971229791641 23.727024033665657 12.496907234191893 33.495850637555122 14.466392278671263 47.74535821378231 73.744730561971664 33.49440236389637 11.244578897953032 1402.3379022777081 13.497086226940153 389.76194994151592 253.37995560467243 14.470279932022093 8.2393729537725431 76.397778451442719 32.213478565216064 58.891920775175095 79.127030923962593
leaf_count=2700 355 788 58 788 1172 65 729 415 253 59 49 1994 95 50 134 58 191 295 134 45 5611 54 1563 1015 58 33 306 129 236 317
internal_value=-0.000183569 -0.0067393 -0.00470618 0.00913528 0.00511237 -0.00227744 -0.0252642 -0.00606726 -0.00539991 -0.0140688 -0.0375726 -0.00443328 0.0128805 -0.0174138 -0.00497003 -0.0372348 -0.00882215 -0.0141379 -0.0178008 -0.00666471 -0.00616486 -0.0030562 0.0134908 0.0152497 0.0182362 0.0108679 0.0141055 0.00492833 0.028663 0.00678981
internal_weight=4932.94 2895.94 2610.67 2037 983.227 309.072 285.269 2334.73 2230.99 222.451 39.4708 2008.54 1053.77 24.7434 1945.32 103.034 182.98 135.235 120.736 1447.08 1413.58 46.9915 1030.04 833.355 579.975 190.213 175.743 108.611 67.1313 275.948
internal_count=19749 11589 10447 8160 3937 1237 1142 9342 8927 890 158 8037 4223 99 7784 413 732 541 483 5790 5656 188 4128 3340 2325 762 704 435 269 1105
is_linear=0
shrinkage=0.05


Tree=4
num_leaves=31
num_cat=0
split_feature=0 8 1 0 2 2 2 1 1 3 3 6 5 4 4 1 1 0 4 4 0 2 5 8 8 3 0 3 5 1
split_gain=109.174 45.6318 16.0368 9.82634 8.53775 7.87913 7.71977 7.80577 7.51056 7.50602 7.50194 8.30445 7.30635 9.96191 12.2766 7.36878 9.37864 6.41862 6.41788 6.81669 6.83139 6.29402 6.06445 11.8612 11.5092 9.08493 7.97376 7.00505 7.0413 6.77128
threshold=-0.0025939878541976209 13.607260863013499 227.52639984130863 0.0016041637281887235 5.0605750203132631 8394.7805187988306 659.65422607421885 632.71489929199231 6.4488000202178961 39.126812337115162 62.276190459871565 0.23005791620428076 2.0790867432163718 2.0350340089109697 -0.56218529309172982 328.25439941406256 286.20159973144536 -0.02229282725602388 -1.0169140672770138 -2.313443959633616 0.0067653765436261901 232.38754970550539 113.72316830583208 31876.50633962619 17895.888773105722 54.530631745625065 0.0033955677645280962 61.930944416361399 340.58234931161417 10692.922949218751
decision_type=2 2 2 2 2 2 2 2 2 2 2 2 2 2 2 2 2 2 2 2 2 2 2 2 2 2 2 2 2 2
left_child=8 4 9 12 -2 6 10 -8 17 -3 18 -12 15 14 -14 16 -4 -1 19 20 -5 -20 25 24 26 -7 -24 28 -25 -28
right_child=1 2 3 5 -6 22 7 -9 -10 -11 11 -13 13 -15 -16 -17 -18 -19 21 -21 -22 -23 23 27 -26 -27 29 -29 -30 -31
leaf_value=0.019857970691627997 -0.036842118432072316 -0.02959333098547345 -0.0086443903350448166 -0.023999106281213545 -0.018289766810524969 -0.010306356903126403 0.039566289612893144 -0.001579648624120493 0.010794570584222288 0.0089376312601922615 0.023252797615861798 -0.005657061788563564 0.0027060841376385803 0.0022874571160788762 0.06458392375690479 -0.0016100629128405612 -0.047580270254900275 -0.018280232122384072 0.015171963144531975 0.0095922143617424484 -0.0015155390786102309 -0.021220887803999826 0.041062399094045458 -0.028052353708498925 0.032992697923807553 -0.027061813023565556 0.01043332618376569 -0.030131979324724001 0.010502995084648218 -0.023218884135255816
leaf_weight=14.212681397795675 85.455656558275223 12.247212037444113 71.713253304362297 61.232290253043175 239.3173251003027 274.41944155097008 10.748596027493475 610.11923597753048 1622.9949955195189 292.57843540608883 30.98712845146656 110.19578991830349 17.483914852142338 337.94961948692799 13.9468887001276 434.30288456380367 18.957476526498795 39.731596350669861 11.999193117022513 50.491684824228287 74.224182769656181 184.98620387911797 7.7447690516710272 17.492921605706215 29.983104884624481 115.22475163638592 23.991904810070992 48.225877702236176 31.985875219106674 36.734062373638153
leaf_count=57 343 49 287 245 958 1098 43 2441 6506 1172 124 441 70 1353 56 1738 76 159 48 202 297 740 31 70 120 461 96 193 128 147
internal_value=-0.000176704 -0.00551625 -0.00354112 -0.00480202 -0.0232694 -0.00699996 -0.00458028 -0.000804842 0.0101838 0.00729784 -0.00904261 0.00080705 -0.000545403 0.00483471 0.0313081 -0.00433293 -0.0172154 -0.00805343 -0.0126667 -0.00595676 -0.0117805 -0.0189386 -0.0117135 -0.00451256 0.00770109 -0.0153178 -0.00368951 -0.0167732 -0.0034137 -0.00996978
internal_weight=4931.68 3254.74 2929.97 2625.14 324.773 1730.79 1144.98 620.868 1676.94 304.826 524.116 141.183 894.354 369.38 31.4308 524.974 90.6707 53.9443 382.934 185.948 135.456 196.985 585.803 196.159 98.4538 389.644 68.4707 97.7047 49.4788 60.726
internal_count=19749 13027 11726 10505 1301 6925 4581 2484 6722 1221 2097 565 3580 1479 126 2101 363 216 1532 744 542 788 2344 785 394 1559 274 391 198 243
is_linear=0
shrinkage=0.05


Tree=5
num_leaves=31
num_cat=0
split_feature=0 1 2 2 0 2 0 3 2 0 2 0 2 4 4 1 4 4 4 1 7 3 2 4 2 0 7 0 2 7
split_gain=100.446 39.8769 16.6939 12.9146 11.1536 8.61286 8.44396 9.28298 7.06507 7.39854 6.83559 5.52478 6.8401 8.0088 5.35462 8.8932 5.4421 5.19649 8.59873 5.93207 6.91635 6.33904 5.43945 8.2502 6.34287 5.83783 5.25503 6.57359 5.25076 5.12821
threshold=-0.0027002459391951557 13.833500013351442 232.38754970550539 10.878150012493135 0.0018233118462376299 99.74787488937379 0.013938465621322395 43.179353889545865 5.0605750203132631 0.005964219570159913 8394.7805187988306 -0.016630152240395542 632.34897468566908 -134.54382767556169 53.924176540759852 7017.0806347656262 -70.20125134466592 -0.11915605677720852 -1.8541180847658081 56994.826679687503 42973.6436576419 49.002791239698489 7245.5882482910165 4.7313762685180487 249.20982460021978 -0.0029853992164134975 238.12006804834792 -0.0051329815760254851 9865.4787390136735 652.41362536638098
decision_type=2 2 2 2 2 2 2 2 2 2 2 2 2 2 2 2 2 2 2 2 2 2 2 2 2 2 2 2 2 2
left_child=3 6 -3 -1 -4 -5 7 -2 9 -9 29 12 -7 -14 15 16 -15 18 -13 20 21 -19 23 24 26 28 -23 -28 -24 -6
right_child=1 2 4 5 10 11 -8 8 -10 -11 -12 17 13 14 -16 -17 -18 19 -20 -21 -22 22 25 -25 -26 -27 27 -29 -30 -31
leaf_value=-0.0086695575196759477 0.014403318146372962 0.0078695757312339104 -0.00017931633666178371 0.024308269682476458 -0.0087230690683183232 0.01608346372269033 -0.040027231441433359 -0.041770775916925698 -0.015257347557102802 0.0010492554506709654 -0.011391485832632397 0.011351370752096685 0.013065934843123059 0.032482460885773765 0.005080250458228016 -0.030693130405995441 -0.0067092343457171343 0.026171967278657657 -0.0053976129899051062 -0.011930679090539109 0.034733295500450304 0.0015951901005858997 -0.011023770052280708 0.021685630540960701 -0.0050386940211170706 0.043311476457732631 0.059411144106328174 0.0051914980950086903 0.0095804024255759825 -0.0018013740820150351
leaf_weight=86.084800153970718 19.718044981360435 305.77735431492329 967.18794284760952 114.63169220089912 452.0670103430748 100.50767575204372 52.596415296196938 56.453643441200256 177.05877178907394 12.177562728524206 565.93612006306648 387.70898848772049 91.559962123632431 9.2302933484315854 79.847604408860207 39.182873234152794 65.09341187775135 92.895217686891556 94.804291591048241 18.981366977095604 44.845261260867119 22.162259474396706 54.639705181121826 191.94182419776917 67.758325412869453 7.4849518686532965 11.945356011390688 10.206181928515432 68.602113649249077 655.36222739517689
leaf_count=345 79 1225 3872 460 1809 403 211 227 709 49 2265 1554 367 37 320 157 261 373 380 76 180 89 219 771 272 30 48 41 275 2622
internal_value=9.98265e-05 -0.00499238 -0.00317309 0.0101098 -0.00445433 0.0111417 -0.0217855 -0.0180338 -0.0206849 -0.0342671 -0.00692366 0.0100916 0.00493822 0.000964063 -0.00480434 -0.0117414 -0.00147538 0.0119346 0.00805617 0.0150797 0.0159945 0.0143392 0.0117565 0.0154152 0.00457912 0.00319565 0.019072 0.0357331 0.000430265 -0.00463222
internal_weight=4924.45 3264.34 2946.33 1660.11 2640.55 1574.03 318.004 265.408 245.69 68.6312 1673.37 1459.4 385.422 284.914 193.354 113.507 74.3237 1073.98 482.513 591.463 572.481 527.636 434.741 304.014 112.072 130.727 44.3138 22.1515 123.242 1107.43
internal_count=19726 13068 11793 6658 10568 6313 1275 1064 985 276 6696 5853 1545 1142 775 455 298 4308 1934 2374 2298 2118 1745 1221 450 524 178 89 494 4431
is_linear=0
shrinkage=0.05


Tree=6
num_leaves=31
num_cat=0
split_feature=0 1 2 2 0 2 0 0 2 2 6 7 6 0 2 8 2 4 5 2 7 7 6 6 6 1 6 4 8 8
split_gain=90.8074 36.1022 15.0727 11.6802 10.0687 7.79896 7.72854 7.06293 6.97533 6.1721 6.0107 8.91183 5.91355 7.63767 7.06924 6.26789 5.80664 5.6437 6.30811 7.0899 5.55929 7.54881 7.2149 7.48878 6.97594 5.77868 9.04616 6.84759 5.52595 5.32293
threshold=-0.0027002459391951557 13.833500013351442 232.38754970550539 10.878150012493135 0.0018233118462376299 99.74787488937379 0.013179039582610132 0.0098022432066500204 5.0605750203132631 8394.7805187988306 -154.98779133869422 63536.030946345971 -48.092449001368145 -0.00015677250485168767 46357.549218750013 54777.506993278555 5.1987500023841866 -8.9632206752361281 -20.70964099623491 4227.5783691406259 8515.9665038676849 9038.1123385924802 27.119548092466097 -30.126344800560293 45.183230130939428 951.70840026855478 1.1090152927939205 -5.9033496796455429 654.08536611327702 6234.9112640084477
decision_type=2 2 2 2 2 2 2 2 2 2 2 2 2 2 2 2 2 2 2 2 2 2 2 2 2 2 2 2 2 2
left_child=3 6 -3 -1 12 -5 7 8 -2 -6 -7 17 13 -4 20 -16 -10 18 19 28 22 -22 23 -14 -24 26 27 -25 -12 -27
right_child=1 2 4 5 9 10 -8 -9 16 -11 11 -13 14 -15 15 -17 -18 -19 -20 -21 21 -23 24 25 -26 29 -28 -29 -30 -31
leaf_value=-0.0082392844263060629 -0.03320415449359259 0.0074796794768410644 -0.00082590584226085453 0.023138574482452479 -0.0044010268514043912 0.023001241334734655 -0.037369300503965266 0.0069371113128109899 0.021004573947073682 -0.010824090022859147 -0.0074020678383961008 -0.036095231404665216 -0.041371513914488886 0.036173722176128117 -0.039323380350483973 0.0060836306239247006 -0.016510801857001444 0.01115552599552678 -0.006814873364291563 0.0047941055916344566 0.03617241822814142 0.0038270951534117113 -0.045868454249490133 -0.034949523798982113 0.0093690543177480223 0.011782868952389444 -0.022693839071562291 0.00012473979193062707 0.03970853253779922 -0.0035292317900008697
leaf_weight=86.103051260113716 67.978192374110222 305.68539296090603 31.474475830793381 114.46010611951351 1107.4434858709574 78.529232144355774 56.968657806515694 27.181837067008018 10.20395243167877 565.8760417252779 7.729355812072753 9.9963677525520307 10.492394685745237 23.985552325844765 20.992166593670845 11.24662262201309 155.31019300222397 992.14634862542152 99.25399686396122 244.88311730325222 19.237785249948502 169.36406214535236 16.739883378148082 13.488162785768507 7.996295601129531 139.89842922985554 55.92789700627327 351.92774663865566 25.933351010084152 94.419992864131927
leaf_count=345 274 1225 126 460 4431 315 229 109 41 2265 31 40 42 96 84 45 622 3983 398 982 77 678 67 54 32 560 224 1409 104 378
internal_value=9.62573e-05 -0.00474505 -0.00301481 0.00961774 -0.0042321 0.0105999 -0.0207335 -0.0169689 -0.0197697 -0.00657832 0.00960064 0.00882194 -0.000170359 0.0155331 -0.00114156 -0.0237765 -0.0140857 0.00917579 0.00396104 0.00781145 -0.000285791 0.00729977 -0.00236408 -0.00135841 -0.028342 -0.000656067 -0.00415359 -0.00126176 0.0289899 0.00562399
internal_weight=4922.87 3263.84 2946.2 1659.03 2640.51 1572.93 317.643 260.674 233.492 1673.32 1458.47 1379.94 967.191 55.46 911.731 32.2388 165.514 1369.95 377.8 278.546 879.493 188.602 690.891 666.155 24.7362 655.662 421.344 365.416 33.6627 234.318
internal_count=19726 13068 11793 6658 10568 6313 1275 1046 937 6696 5853 5538 3872 222 3650 129 663 5498 1515 1117 3521 755 2766 2667 99 2625 1687 1463 135 938
is_linear=0
shrinkage=0.05


Tree=7
num_leaves=31
num_cat=0
split_feature=0 1 2 2 0 0 3 2 2 0 2 2 6 1 0 4 5 2 4 5 3 6 6 0 6 2 1 2 0 7
split_gain=82.0415 32.6857 12.335 10.5569 9.0757 7.21022 8.57651 7.0728 5.63947 6.50603 5.57437 5.56991 5.44867 8.24318 7.83243 5.68838 5.59682 6.51689 5.43528 9.11338 7.76673 5.80496 5.36498 7.03715 6.78253 5.11964 6.17753 5.40819 5.34797 5.09697
threshold=-0.0027002459391951557 13.2871000289917 232.38754970550539 10.878150012493135 0.0018233118462376299 0.013938465621322395 43.179353889545865 99.74787488937379 5.0605750203132631 0.005964219570159913 8394.7805187988306 11.267350010871889 -154.98779133869422 56994.826679687503 -0.011592776514589785 -8.9632206752361281 -20.70964099623491 4227.5783691406259 0.012545378789817986 -2.3309441689511181 53.476592920532006 -0.33746404289776016 -45.092978678519835 0.00084120407700538646 -37.898042810199954 46357.549218750013 55322.074531250008 39773.10174804688 -0.00052647740812972177 40671.954041649653
decision_type=2 2 2 2 2 2 2 2 2 2 2 2 2 2 2 2 2 2 2 2 2 2 2 2 2 2 2 2 2 2
left_child=3 5 18 -1 22 6 -2 -5 9 -8 -6 -10 -9 15 -15 16 17 -14 19 -3 21 -20 23 -4 -24 27 28 -26 -27 -17
right_child=1 2 4 7 10 -7 8 12 11 -11 -12 -13 13 14 -16 29 -18 -19 20 -21 -22 -23 24 -25 25 26 -28 -29 -30 -31
leaf_value=-0.007830722490902664 0.014579537052252015 0.025559788022472558 0.0048331783386761518 0.022029687813073781 -0.0041811002247381362 -0.037247012348583984 -0.03833618856950459 0.021894149874973755 -0.0078250271996153989 0.0017984834430913818 -0.01028553371718696 -0.027609568302831233 0.02763572357187899 0.015850417629831002 -0.038046656387903978 0.010060616057716602 -0.0064963426531604281 0.0043864357759908984 0.0090598887615003943 -0.014018177972181368 0.0065208156381841437 0.051945126329867211 -0.039711700484199447 0.045814486801053829 -0.00039942332797303386 -0.011355255437348553 0.0056185842000728145 0.031507493960185214 -0.065884720734712923 0.02611679786289416
leaf_weight=86.117412433028221 19.713409423828125 17.968343615531921 45.455747023224831 114.26580321788788 1107.4624845385551 50.593326583504677 56.096796199679375 78.428237900137901 114.74220149219036 12.16111174225807 565.78500531613827 51.415673583745956 33.603723704814911 9.9819618612527865 17.230498686432838 929.02098900079727 98.786102175712585 238.84044614434242 14.974978268146517 61.648622110486031 206.52870962023735 16.965623989701271 10.241843566298483 12.72869201004505 854.96212995052338 9.7481294274330157 13.244218796491621 12.490053728222845 8.2443528324365634 51.718575894832611
leaf_count=345 79 72 182 460 4431 204 227 315 460 49 2265 206 135 40 69 3732 396 958 60 247 828 68 41 51 3423 39 53 50 33 208
internal_value=9.04046e-05 -0.00451113 -0.00290166 0.00914414 -0.0040226 -0.0200763 -0.0165252 0.0100785 -0.0191918 -0.0312629 -0.00625014 -0.0140757 0.00912718 0.00838584 -0.0184153 0.0089385 0.00365392 0.00734462 0.00638643 -0.00487978 0.0101525 0.0327243 -0.000166159 0.0144211 -0.00111477 -0.000631252 -0.0201968 9.57411e-05 -0.0384947 0.0109331
internal_weight=4921.17 3263.17 2958.45 1657.99 2640.36 304.723 254.129 1571.88 234.416 68.2579 1673.25 166.158 1457.61 1379.18 27.2125 1351.97 371.23 272.444 318.086 79.617 238.469 31.9406 967.115 58.1844 908.931 898.689 31.2367 867.452 17.9925 980.74
internal_count=19726 13068 11843 6658 10568 1225 1021 6313 942 276 6696 666 5853 5538 109 5429 1489 1093 1275 319 956 128 3872 233 3639 3598 125 3473 72 3940
is_linear=0
shrinkage=0.05


Tree=8
num_leaves=31
num_cat=0
split_feature=0 1 2 2 6 0 7 6 0 7 2 6 0 2 8 8 8 0 6 2 4 4 4 7 0 8 6 5 0 5
split_gain=74.1233 29.7742 12.411 9.5434 8.19945 7.17684 6.61936 6.53982 6.45454 6.43262 6.41521 6.33516 6.1735 5.76082 5.45562 5.21146 8.2418 5.06588 7.75688 6.3913 7.30282 5.78691 6.37777 4.92007 7.3482 5.4034 5.04983 7.27955 8.46064 7.23979
threshold=-0.0027002459391951557 13.833500013351442 232.38754970550539 10.878150012493135 146.00446267900571 0.0018233118462376299 8515.9665038676849 27.119548092466097 0.013179039582610132 9038.1123385924802 99.74787488937379 45.183230130939428 0.0098022432066500204 5.0605750203132631 13.103045592540303 10.410240592527392 5.2068100788245655 -0.016630152240395542 -142.42657537107991 632.34897468566908 -134.54382767556169 -0.11915605677720852 -1.8541180847658081 59309.214780012298 -0.0072194137610495082 46282.672427299585 -8.0358295166672047 118.86515532461367 -0.0047301887534558764 244.47832553843867
decision_type=2 2 2 2 2 2 2 2 2 2 2 2 2 2 2 2 2 2 2 2 2 2 2 2 2 2 2 2 2 2
left_child=3 8 -3 -1 5 6 7 -4 12 -8 -5 -9 13 -2 -15 16 -10 19 -19 -12 -21 22 -20 25 -25 26 -23 28 -28 -29
right_child=1 2 4 10 -6 -7 9 11 15 -11 17 -13 -14 14 -16 -17 -18 18 21 20 -22 23 -24 24 -26 -27 27 29 -30 -31
leaf_value=-0.007442719666827447 -0.030275460794832953 0.0068081584177139484 -0.0012856266134183526 0.020977495577528107 -0.016822856212790612 -0.0052731282520254849 0.033498601421279743 -0.043662685399424667 -0.047976667848558648 0.0047907948148357259 0.014529129251435031 0.0089720273743924862 0.0069432680993430102 -0.010066175723192535 -0.043160829461677173 -0.056957243541016535 -0.0026634156394317998 0.030819119461958783 0.0083482533390550669 0.011476991129750126 -0.0055999692973396327 0.023950642803296954 -0.0061846260578072168 0.022014752305208676 -0.04121609130324224 0.039459672306636141 0.018349933553790384 -0.020804183843218277 0.002705582486409158 0.01217552750532153
leaf_weight=86.12836666405201 67.539948925375938 305.48165598511696 671.63079050183296 114.05293367803097 115.01877884566784 1586.5855758339167 20.464908048510551 16.748823955655102 17.405624702572823 221.75671628117561 100.31989094614983 7.9947266727685919 27.18159019947052 152.61772570014 12.72924745082855 16.892970398068428 22.340367332100868 43.969515547156334 359.07221512496471 91.396364584565163 193.16695238649845 83.955057561397552 94.732577532529831 7.480407506227496 9.2285928875207883 18.846454098820686 260.01590283215046 33.352250337600708 129.78570468723774 31.356639742851257
leaf_count=345 274 1225 2689 460 461 6349 82 67 71 888 403 32 109 612 51 68 90 177 1441 367 775 338 380 30 37 76 1047 134 522 126
internal_value=8.60997e-05 -0.00428762 -0.00271815 0.00869543 -0.00382254 -0.00322397 0.000241821 -0.00223555 -0.0188307 0.00734403 0.00958451 -0.0269683 -0.0153918 -0.0180172 -0.0128581 -0.0340801 -0.0231975 0.0086787 0.0104452 0.00374516 -9.41883e-05 0.00954451 0.00530756 0.0128791 -0.0132638 0.0136852 0.0127116 0.0105876 0.0131613 -0.00488079
internal_weight=4919.25 3262.39 2945.68 1656.86 2640.2 2525.18 938.596 696.374 316.707 242.222 1570.73 24.7436 260.069 232.887 165.347 56.639 39.746 1456.68 1071.8 384.883 284.563 1027.83 453.805 574.021 16.709 557.312 538.466 454.51 389.802 64.7089
internal_count=19726 13068 11793 6658 10568 10107 3758 2788 1275 970 6313 99 1046 937 663 229 161 5853 4308 1545 1142 4131 1821 2310 67 2243 2167 1829 1569 260
is_linear=0
shrinkage=0.05


Tree=9
num_leaves=31
num_cat=0
split_feature=0 1 2 2 0 0 3 8 5 2 2 0 2 3 4 5 3 5 2 7 8 7 1 1 1 0 0 1 5 0
split_gain=67.0155 27.0882 10.1723 8.62983 7.41429 6.09396 7.69072 5.97491 7.80728 5.81818 5.0088 5.59325 4.97503 5.1458 4.8974 8.2151 7.11908 5.13652 4.88937 4.63414 16.6932 5.00789 8.78079 5.76432 6.35535 5.16731 6.75891 4.64849 4.63186 4.58338
threshold=-0.0027002459391951557 13.2871000289917 232.38754970550539 10.878150012493135 0.0018233118462376299 0.013179039582610132 43.179353889545865 10.410240592527392 0.031712707213505102 99.74787488937379 5.0605750203132631 0.005964219570159913 11.524400024414064 47.508558446836112 0.012545378789817986 -2.3309441689511181 53.476592920532006 1.0617897102980416 8394.7805187988306 652.41362536638098 571.54259797782777 2812.7167342858857 1722.9641918945315 7320.8386816406255 7063.9607861328141 0.0041136653162539014 0.0030357606010511522 2683.8923999023441 -14.359897678461694 -0.016630152240395542
decision_type=2 2 2 2 2 2 2 2 2 2 2 2 2 2 2 2 2 2 2 2 2 2 2 2 2 2 2 2 2 2
left_child=3 5 14 -1 -4 6 -2 8 -7 -5 11 -8 -12 -14 15 -3 17 -16 19 20 28 22 25 24 27 26 -21 -23 -6 -11
right_child=1 2 4 9 18 7 10 -9 -10 29 12 -13 13 -15 16 -17 -18 -19 -20 21 -22 23 -24 -25 -26 -27 -28 -29 -30 -31
leaf_value=-0.0070741904846536169 0.01456411650504633 0.024060360675661231 -0.00014623831394344292 0.019978311054498727 0.024694699135877053 -0.039459903309188062 -0.035262959497906469 -0.059490957406811575 0.0053251316594956702 0.0035617405757448748 -0.0074505105705328202 0.0035269263406302168 0.0081765065902965946 -0.036190359725980913 0.045506429546662931 -0.013537485276739739 0.005926580542973528 0.0036952569588021992 -0.0094257202706869228 0.00026671899083726563 -0.036780830379701743 -0.037529500811810591 0.025199584870319397 0.0058486662357383236 -0.034464266418262883 -0.0038358503717455836 0.037663119025396687 -0.004660519978030144 -0.005387435826683086 0.0099361329317073244
leaf_weight=86.136340096592903 19.710460916161537 17.942627936601639 967.0012498497963 113.82513691484928 12.244771540164946 24.058432325720787 55.636820539832115 15.0609964877367 15.559556022286413 384.7710167914629 122.63113418221474 10.911883831024168 7.7214278429746619 32.38097807765007 20.407004147768024 61.657007560133934 206.39174638688564 11.470704585313795 565.54441878199577 32.495626389980316 43.236592352390289 10.249101087450979 41.247425094246864 98.235252156853676 20.24846014380455 171.22867307066917 18.24771274626255 263.47633357346058 396.55679647624493 1070.8728429675102
leaf_count=345 79 72 3872 460 49 98 227 61 63 1545 492 44 31 130 82 247 828 46 2265 130 173 41 165 393 81 685 73 1054 1587 4308
internal_value=8.11233e-05 -0.00407745 -0.00261429 0.00827106 -0.00363205 -0.0182738 -0.0148461 -0.0333358 -0.022173 0.00911721 -0.0174266 -0.0289446 -0.0125684 -0.0276567 0.00582343 -0.00486915 0.00940096 0.0310313 -0.00564556 -0.00370841 -0.00759714 -0.00101893 0.00430641 -0.00459473 -0.00809252 0.000328379 0.0141827 -0.00602336 -0.00442833 0.00825479
internal_weight=4917.16 3261.55 2957.88 1655.61 2640.01 303.672 248.993 54.679 39.618 1569.47 229.282 66.5487 162.734 40.1024 317.869 79.5996 238.269 31.8777 1673.01 1107.47 452.038 655.429 263.219 392.209 293.974 221.972 50.7433 273.725 408.802 1455.64
internal_count=19726 13068 11843 6658 10568 1225 1003 222 161 6313 924 271 653 161 1275 319 956 128 6696 4431 1809 2622 1053 1569 1176 888 203 1095 1636 5853
is_linear=0
shrinkage=0.05


Tree=10
num_leaves=31
num_cat=0
split_feature=0 2 5 4 0 6 4 6 6 3 6 4 3 0 4 1 5 5 1 3 0 5 2 8 2 8 0 2 6 6
split_gain=60.6297 29.876 12.9431 7.33545 7.23807 9.81296 6.88233 5.49721 5.46622 5.44523 5.43422 6.59866 5.94145 10.0286 6.74176 11.2773 6.29529 8.52476 9.48566 6.14793 7.67873 6.08605 6.03369 6.08088 6.67572 5.73256 5.5189 5.07145 4.67729 5.90065
threshold=-0.0010260837734676895 7.3074750125408183 0.068406172457625244 -1.6819671088852599 -0.013948472216725348 1.250015905435178 4.7313762685180487 -348.7685092322285 -0.033584159993634642 53.228325875694289 146.00446267900571 -346.68428445164312 71.89294235977917 0.015390853863209488 -4.8479675673421516 8158.9549902343761 63.600240305927628 27.741036703409314 2535.3697973632816 61.534304525080451 0.041061338037252433 974.94519138027431 10853.963712158205 115.09373174774949 88.663724851608279 8792.5677866237183 0.025620074011385444 9367.8393334960947 -15.182894547795867 -0.072506935054358776
decision_type=2 2 2 2 2 2 2 2 2 2 2 2 2 2 2 2 2 2 2 2 2 2 2 2 2 2 2 2 2 2
left_child=2 -2 3 9 5 8 -6 -3 -5 -1 11 -9 13 16 15 26 17 -13 -19 20 22 -18 23 24 -16 -17 -15 -14 -28 -30
right_child=1 7 -4 4 6 -7 -8 10 -10 -11 -12 12 27 14 19 25 21 18 -20 -21 -22 -23 -24 -25 -26 -27 28 -29 29 -31
leaf_value=0.0043873965346406755 -0.026821148034672355 -0.031662072809770757 0.010023747261456731 -0.0023294822397358409 -0.010209833230694914 -0.021729913787266547 0.015438334327935283 0.010095885428056197 0.034559166661214676 0.033770000552990807 -0.014941721468954533 -0.0034276621494070169 0.0053137478439645724 -0.0075534907757339913 -0.031019685711829937 -0.061313525963632778 0.0058624853808438328 0.024973467242946353 -0.023537320698181586 -0.0086144506427841688 0.012968288084367955 -0.022815379545038521 0.0034168181270094484 -0.042492740060430481 0.020212800914552301 -0.014518315772911678 -0.01687622934670828 -0.019749823022665404 0.043410580918296859 0.0061024130060707464
leaf_weight=639.51941694319248 148.97641113400459 16.737275376915932 1049.8128209710121 14.437903642654417 243.42853888869286 15.697430759668348 28.396076038479805 88.18926240503788 31.107797369360924 15.197804465889929 102.90165178477764 1567.799295604229 247.18696016073227 42.740169182419777 17.058512747287754 8.4935062974691373 256.077437505126 10.496093064546583 90.929931476712227 97.322493508458138 10.964584931731222 18.95547741651535 11.742689087986944 64.952334120869637 8.9688199907541257 24.199725031852722 7.9985918253660193 20.989942252635956 18.736711531877518 23.725961938500404
leaf_count=2568 605 67 4227 58 977 63 114 353 125 61 413 6279 990 171 69 34 1025 42 364 390 44 76 47 260 36 97 32 84 75 95
internal_value=-0.000450266 -0.00508603 0.00616079 0.00204927 -0.003984 0.0114201 -0.00748374 -0.00390233 0.0230667 0.00511991 -0.0037213 -0.00327804 -0.00374447 -0.00457205 -0.0125242 -0.0033297 -0.00318836 -0.00434313 -0.0183224 -0.0179684 -0.0258309 0.00381049 -0.0300574 -0.0343681 -0.0132707 -0.0281344 0.00557759 0.00328596 0.0166301 0.0231847
internal_weight=4943.74 2906.14 2037.6 987.785 333.068 61.2431 271.825 2757.17 45.5457 654.717 2740.43 2637.53 2549.34 2281.16 336.904 125.895 1944.26 1669.23 101.426 211.009 113.687 275.033 102.722 90.9797 26.0273 32.6932 93.2014 268.177 50.4613 42.4627
internal_count=19841 11648 8193 3966 1337 246 1091 11043 183 2629 10976 10563 10210 9136 1350 504 7786 6685 406 846 456 1101 412 365 105 131 373 1074 202 170
is_linear=0
shrinkage=0.05


Tree=11
num_leaves=31
num_cat=0
split_feature=0 2 5 4 0 5 4 3 3 0 0 3 5 4 3 4 4 5 2 3 3 3 8 7 3 8 0 3 4 7
split_gain=54.7929 27.0967 11.6902 6.62237 6.53988 8.95881 6.22646 4.96352 4.77338 8.53175 8.22965 10.7819 9.46469 7.08843 4.78954 6.29036 4.67176 6.80016 5.89772 4.97172 4.5925 4.43876 4.3194 6.80383 6.35203 4.82507 4.18388 4.13784 5.60497 5.39153
threshold=-0.0010260837734676895 7.3074750125408183 0.068406172457625244 -1.6819671088852599 -0.013948472216725348 -0.64401909169374805 4.7313762685180487 53.228325875694289 71.89294235977917 0.014991829637438061 0.025620074011385444 53.608394431115094 -0.48972184653637002 -80.381384019951142 48.877351238847005 -346.68428445164312 24.998426198408087 6.8776231783883217 397.32247505187996 74.571183898311617 71.50451087399712 69.923976060964534 6412.4485311125545 7056.2771948083991 35.622528475138687 6177.0343343970153 0.015390853863209488 52.481953666911934 -0.014833292182080625 5.1077560919698897
decision_type=2 2 2 2 2 2 2 2 2 2 2 2 2 2 2 2 2 2 2 2 2 2 2 2 2 2 2 2 2 2
left_child=2 27 3 7 5 -5 -6 -1 9 20 -11 12 13 14 15 -12 17 19 -19 26 -3 -13 25 -24 -25 -4 -10 28 -2 -30
right_child=1 8 22 4 6 -7 -8 -9 16 10 11 21 -14 -15 -16 -17 -18 18 -20 -21 -22 -23 23 24 -26 -27 -28 -29 29 -31
leaf_value=0.0041694665395359499 -0.027179479411869656 -0.0029090846714331497 0.011293998018829703 -0.015422075514564563 -0.0096989118359214494 0.024335089775536771 0.014705054347280134 0.032247984406334827 0.0037494049913679448 -0.01713067106931165 0.0097045165116205964 -0.018936052063317679 -0.024998755242502144 0.03140747746369852 0.033280675260720073 -0.034285773320964927 -0.0044143369058127057 0.042290505732472512 0.0087096789779508334 -0.0074639164231871946 -0.033957586932513294 0.016727646470440879 -0.029619649349864077 -0.029303146420351357 0.0077443800411928212 0.037262118144902087 0.040929009653352576 -0.032423565538337189 0.033265506338049894 -0.014057370534581988
leaf_weight=639.35525414347649 35.964522421360016 2035.4653540104628 629.76578728854656 20.68213327229023 243.49034191668034 40.51429308950901 28.371950581669807 15.167302444577215 23.956453323364258 233.98064592480659 20.237321138381954 81.537933513522148 16.186361283063889 37.423873409628868 8.2325118333101255 12.235724583268167 136.1127415895462 21.200245022773743 33.489205345511436 66.573691159486771 10.989987209439276 8.9827227145433408 12.414329901337622 10.968094438314436 378.21598640084267 17.638252660632133 10.220689401030539 88.835432425141335 8.6342995315790194 15.082970812916754
leaf_count=2568 146 8152 2540 83 977 163 114 61 96 938 81 327 65 150 33 49 545 85 134 267 44 36 50 44 1522 71 41 363 35 61
internal_value=-0.000429237 -0.00483653 0.00585739 0.00195007 -0.00378228 0.0108667 -0.00710752 0.00486833 -0.00371074 -0.00442612 -0.0109205 -0.00300926 0.00877844 0.0160037 0.00142823 -0.00739996 0.00233273 0.00823131 0.0222529 0.000476253 -0.00309233 -0.0152529 0.00953058 0.00543659 0.00662787 0.0120579 0.0157154 -0.0255693 -0.0150007 0.00381942
internal_weight=4941.93 2905.34 2036.58 987.581 333.059 61.1964 271.862 654.523 2756.83 2465.27 418.817 184.836 94.3158 78.1294 40.7056 32.473 291.553 155.44 54.6895 100.751 2046.46 90.5207 1049 401.598 389.184 647.404 34.1771 148.517 59.6818 23.7173
internal_count=19841 11648 8193 3966 1337 246 1091 2629 11043 9875 1679 741 378 313 163 130 1168 623 219 404 8196 363 4227 1616 1566 2611 137 605 242 96
is_linear=0
shrinkage=0.05


Tree=12
num_leaves=31
num_cat=0
split_feature=0 2 4 3 4 0 1 1 2 2 7 2 4 3 6 0 8 6 7 0 6 4 3 8 0 4 6 0 1 2
split_gain=49.485 24.6104 7.64055 6.36356 7.00006 6.72456 9.03166 5.84629 5.12353 5.09824 7.50574 5.90335 5.06998 5.11238 7.06496 5.13194 5.02051 5.00276 4.97851 6.90847 4.83052 5.89623 5.2177 7.6898 7.0724 10.4935 10.0008 6.89497 6.04795 9.56379
threshold=-0.0010260837734676895 7.3074750125408183 0.047719039480118138 43.756205267342537 -0.014833292182080625 -0.0064695088658481828 132.05700035095217 5.007200002670289 11.060825023651125 236.8959245681763 128.59629973198898 94.672499799728413 -1.5554237521897958 39.781066457843821 6.0052452791904107 -0.0027002459391951557 369.39691609792163 -348.7685092322285 59309.214780012298 -0.0086425105109810812 146.00446267900571 -346.68428445164312 61.534304525080451 36387.66968315182 0.015390853863209488 -4.8479675673421516 -22.129205138057099 0.041061338037252433 18615.487128906254 10678.472609863284
decision_type=2 2 2 2 2 2 2 2 2 2 2 2 2 2 2 2 2 2 2 2 2 2 2 2 2 2 2 2 2 2
left_child=2 -2 3 4 8 -5 7 -7 -1 10 11 -10 13 14 -11 -15 -14 -3 -4 -20 21 -19 24 28 -23 26 -26 -27 29 -24
right_child=1 17 18 5 -6 6 -8 -9 9 12 -12 -13 16 15 -16 -17 -18 20 19 -21 -22 22 23 -25 25 27 -28 -29 -30 -31
leaf_value=-0.021596234278136485 -0.024390084014413425 -0.030012924814180431 0.0091332350692588261 0.0056654123416860292 0.049954897045122827 0.012402286481496718 -0.0028275962580451286 -0.034213571088391813 0.030305074717218845 0.0046309115071915107 0.042304317765260974 -0.010084688914358738 -0.033190078853498992 0.018576067684072054 -0.018671474465963667 -0.0068740541944400371 0.0017881378606160677 0.0097067414148943182 0.020061153001554703 -0.029415245957547406 -0.01393754564281857 -0.0036207784566775463 0.0015581711677322006 -0.02459258224666961 -0.031293839876797534 -0.02780622116718914 0.0041989047324468322 0.012932398135169025 0.028563348720244342 -0.02651553888055478
leaf_weight=16.953754335641861 148.00936043262482 16.727022081613541 1015.9291242212057 136.52652023732662 7.7013115584850302 7.4493011385202399 165.28950917720795 41.797692954540253 13.602573677897452 351.13010913133621 21.424728348851204 22.897905051708221 16.450140878558159 106.44080677628517 34.851578786969185 23.733095943927765 24.66053794324398 88.193277269601822 10.206146627664568 18.448893755674362 102.76937234401703 1540.8615389019251 691.86997430026531 29.384209260344505 23.6906608492136 102.55664348602295 100.32810343801975 10.963372096419333 18.479385361075401 30.726080432534218
leaf_count=68 605 67 4097 549 31 30 663 168 55 1411 86 92 66 428 140 95 99 353 41 74 413 6171 2771 118 95 412 402 44 74 123
internal_value=-0.000407428 -0.00459605 0.00556887 0.00241999 0.00538497 -0.00298392 -0.00848891 -0.0270558 0.00476394 0.00552425 0.0195195 0.00537404 0.00403715 0.00538927 0.00248405 0.013919 -0.0126639 -0.00352478 0.00855079 -0.0117109 -0.00335217 -0.00293452 -0.00337556 6.16315e-05 -0.00486385 -0.0128784 -0.00277717 -0.0237933 0.00107101 0.000329432
internal_weight=4940.05 2904.56 2035.49 990.91 639.847 351.063 214.537 49.247 632.145 615.191 57.9252 36.5005 557.266 516.156 385.982 130.174 41.1107 2756.55 1044.58 28.655 2739.82 2637.05 2548.86 770.46 1778.4 237.539 124.019 113.52 741.075 722.596
internal_count=19841 11648 8193 3981 2571 1410 861 198 2540 2472 233 147 2239 2074 1551 523 165 11043 4212 115 10976 10563 10210 3086 7124 953 497 456 2968 2894
is_linear=0
shrinkage=0.05


Tree=13
num_leaves=31
num_cat=0
split_feature=0 2 5 4 0 6 4 6 6 7 6 6 4 3 2 5 7 0 4 6 6 7 0 6 8 2 7 5 6 0
split_gain=44.7117 22.3332 9.78217 5.66832 5.67621 8.42294 5.42733 4.96988 4.8032 4.72489 4.49506 4.23957 5.46793 4.56891 7.09611 7.53 10.1773 6.61542 10.1655 9.07465 6.5886 7.71427 6.54414 6.09279 6.13039 5.83529 5.65513 4.90365 4.71508 4.61048
threshold=-0.0010260837734676895 7.3074750125408183 0.068406172457625244 -1.6819671088852599 -0.013948472216725348 1.250015905435178 4.7313762685180487 231.94779994543472 -0.033584159993634642 10.677723242370098 -348.7685092322285 146.00446267900571 -346.68428445164312 61.534304525080451 46887.811005859381 1.9589773625809037 452.38374959604818 0.015390853863209488 -4.8479675673421516 -22.129205138057099 0.039863076725867773 8240.4549365973107 0.041061338037252433 5.1810961287315545 22.386609432938204 10853.963712158205 513.2058687308031 118.86515532461367 -0.072506935054358776 0.025620074011385444
decision_type=2 2 2 2 2 2 2 2 2 2 2 2 2 2 2 2 2 2 2 2 2 2 2 2 2 2 2 2 2 2
left_child=2 -2 3 7 5 8 -6 -1 -5 -3 -11 12 -12 17 15 20 -17 27 19 -19 -15 23 25 24 -22 -20 -18 -14 29 -21
right_child=1 9 -4 4 6 -7 -8 -9 -10 10 11 -13 13 14 -16 16 26 18 22 28 21 -23 -24 -25 -26 -27 -28 -29 -30 -31
leaf_value=0.0038738021349089477 -0.023259508456649067 0.024490311797369067 0.0086581441583071864 -0.0028592743962904 -0.0090984589710905138 -0.020588359717174997 0.013701305989053753 0.039498419303997605 0.031716835185363217 -0.028624404113778784 0.0092266429265431323 -0.013260364893053279 -0.0042728711024753131 0.0088018912188591886 -0.036531545199636126 0.016215829705920854 -0.031716507883773462 -0.029839160527128206 -0.031727074012651249 -0.00070844132775602173 -0.038108111528380298 0.027389675640637969 0.012339676484696332 -0.045455099367619975 -0.0072836600230194726 0.0053508039016169394 0.0008494640547662218 0.00768812383621787 -0.0055976434810416312 0.031241745589541788
leaf_weight=645.14960710704327 147.5051229596138 14.1708697527647 1047.3388093560934 14.419524893164633 243.47161261737347 15.714556157588957 28.328612014651299 8.9565310478210431 30.968432918190956 16.710410833358765 88.195166811347008 102.67035333812237 1443.4028368890285 42.03004615008831 12.168559357523916 119.48107488453388 12.746070727705954 23.653005093336105 88.991407886147499 21.487870141863823 18.645265430212021 9.7398185133934003 10.963511422276495 15.496075764298437 94.619070589542389 11.72965048253536 440.23150373995304 90.193300917744637 56.147391080856323 22.693477898836136
leaf_count=2593 605 57 4227 58 977 63 114 36 125 67 353 413 5781 169 49 479 51 95 358 86 75 39 44 62 379 47 1762 361 225 91
internal_value=-0.000388115 -0.00436991 0.00529455 0.0017202 -0.00358413 0.0100757 -0.00668062 0.00442115 0.0209073 -0.0033509 -0.00350366 -0.00333919 -0.00294589 -0.00337295 -0.000144304 0.000491397 0.00330021 -0.00476838 -0.012552 -0.00265016 -0.00838442 -0.0136256 -0.0234231 -0.0169153 -0.012647 -0.027399 -0.000134736 -0.00356487 0.00399101 0.0160308
internal_weight=4938.02 2903.67 2034.35 987.009 332.903 61.1025 271.8 654.106 45.388 2756.17 2742 2725.29 2622.62 2534.42 765.157 752.989 572.459 1769.26 235.666 123.982 180.53 138.5 111.685 128.76 113.264 100.721 452.978 1533.6 100.329 44.1813
internal_count=19841 11648 8193 3966 1337 246 1091 2629 183 11043 10986 10919 10506 10153 3065 3016 2292 7088 946 497 724 555 449 516 454 405 1813 6142 402 177
is_linear=0
shrinkage=0.05


Tree=14
num_leaves=31
num_cat=0
split_feature=0 2 5 3 6 0 3 2 7 2 5 8 5 7 3 6 1 1 0 1 7 1 2 5 7 6 2 0 0 6
split_gain=40.4104 20.2682 8.83351 5.18651 9.63834 4.80227 6.38561 6.00469 5.82913 4.81543 7.53075 4.92505 4.52759 4.28645 4.21776 4.09013 4.55217 4.10991 7.35988 6.99601 5.03632 4.56456 4.6843 4.65181 4.34617 12.8804 6.42229 5.55218 5.40736 6.79727
threshold=-0.0010260837734676895 7.3074750125408183 0.068406172457625244 45.126328270433959 0.0012181152086352556 -0.0061516345012933007 48.534419627938085 124.6705498313904 670.13441760512933 10744.817989501955 -57.095844961082669 2385.6751245388291 -198.20268837582532 10.677723242370098 52.355347279320547 -348.7685092322285 53498.598476562511 13.2871000289917 0.012416621204465629 223.6759999084473 149.61209413350147 123.79769973754885 119.18450027465822 -2.4750577451499036 298.21711164806203 0.49385570844520016 266.83804920196536 0.010708016809076073 0.0041136653162539014 -63.210208445950606
decision_type=2 2 2 2 2 2 2 2 2 2 2 2 2 2 2 2 2 2 2 2 2 2 2 2 2 2 2 2 2 2
left_child=2 -2 3 -1 -5 6 7 -6 -9 10 -7 14 -11 -3 -12 16 -15 18 -17 20 21 23 -23 -19 25 27 -27 -21 29 -26
right_child=1 13 -4 4 5 9 -8 8 -10 12 11 -13 -14 15 -16 17 -18 19 -20 24 -22 22 -24 -25 28 26 -28 -29 -30 -31
leaf_value=0.0043210445371931134 -0.022183861780731052 0.023312806283690632 0.0082322559297836433 -0.019822044094912672 0.027487968575178063 -0.045251059240635522 0.017237094828223002 -0.04957682101557969 -0.0035328620897206622 -0.0043572885776163505 -0.0010009526879139442 0.012404127809441492 0.038884828712999274 -0.053786152324156233 -0.021884378857583847 -0.0058528740902002892 -0.0026984974476250128 0.036355645967789098 -0.036754993258033761 -0.0063735874320254961 0.020896019950313899 -0.038308831134514484 -0.0011346944075277434 0.00310998354580274 0.018902405698966795 -0.020057070301673485 -0.058863029130027306 0.022421323800045027 -0.0052131034155119679 -0.0010769108146057912
leaf_weight=637.03815831243992 146.98637972772121 14.192224726080893 1046.5190030485392 69.176015913486481 8.9021847546100599 11.454016700386999 75.056281596422195 8.710273548960684 24.129471227526665 12.453402265906336 56.143573373556137 31.627948045730591 10.457371056079863 7.4682048857212093 41.600303635001183 93.525015011429787 9.219401612877844 10.198238357901571 23.449619278311729 141.87133148312569 40.552465870976448 11.969113901257513 24.635254368185997 179.77893042564392 43.666380867362022 42.921832114458084 14.16062720119953 17.976507917046547 1173.5908300280571 906.45579622685909
leaf_count=2561 605 57 4227 278 36 46 302 35 97 50 225 127 42 30 167 376 37 41 96 568 163 48 99 721 175 172 57 72 4702 3629
internal_value=-0.000369802 -0.00415573 0.00503423 0.0016376 -0.00324898 0.000893598 0.00859942 -0.0069719 -0.0168495 -0.00462203 -0.00809666 -0.00448531 0.0161809 -0.0031864 -0.0100207 -0.00333204 -0.02731 -0.00317522 -0.0123068 -0.00276106 0.00489196 0.0019484 -0.0139856 0.00507568 -0.0036362 -0.0103633 -0.0305315 -0.00301605 -0.0029445 -0.000139779
internal_weight=4935.89 2902.62 2033.27 986.749 349.711 280.535 116.798 41.7419 32.8397 163.737 140.826 129.372 22.9108 2755.63 97.7439 2741.44 16.6876 2724.75 116.975 2607.78 267.134 226.582 36.6044 189.977 2340.64 216.93 57.0825 159.848 2123.71 950.122
internal_count=19841 11648 8193 3966 1405 1127 470 168 132 657 565 519 92 11043 392 10986 67 10919 472 10447 1072 909 147 762 9375 869 229 640 8506 3804
is_linear=0
shrinkage=0.05


Tree=15
num_leaves=31
num_cat=0
split_feature=1 5 2 4 5 3 3 3 3 6 5 8 4 6 8 5 2 7 6 6 3 4 3 2 2 6 3 6 4 6
split_gain=18.8608 7.48236 13.3857 9.60022 8.20909 7.50334 7.38508 7.31683 6.22699 6.07983 6.21119 6.6011 5.81623 5.41278 7.49706 6.63288 6.08803 5.35666 5.24167 5.03202 7.02153 9.62306 6.86097 5.49635 4.94817 4.36449 7.65282 5.20037 5.0564 5.4528
threshold=6.4488000202178961 1.9589773625809037 4156.2476177978524 0.97259389627664039 68.111968711607872 47.621517746465955 36.845175219591347 52.355347279320547 25.386066138961372 -114.56651403981814 244.47832553843867 9156.4738298497159 92.298646664681669 -114.56651403981814 8956.984484712315 113.72316830583208 4914.44824951172 10015.045583194218 -33.746776443417794 -0.019414223004506997 52.481953666911934 -0.014833292182080625 61.534304525080451 5.0605750203132631 8649.5053588867213 -154.98779133869422 43.611101567980981 -55.016697845117129 -1294.0180673139728 -196.24767873758131
decision_type=2 2 2 2 2 2 2 2 2 2 2 2 2 2 2 2 2 2 2 2 2 2 2 2 2 2 2 2 2 2
left_child=6 3 -3 8 -4 -5 -1 9 -2 -6 11 12 -11 -9 16 17 -15 24 -13 -8 21 23 -22 -21 -16 26 28 -27 -10 -30
right_child=1 2 4 5 7 -7 19 13 25 10 -12 18 -14 14 15 -17 -18 -19 -20 20 22 -23 -24 -25 -26 27 -28 -29 29 -31
leaf_value=0.028151962097816358 0.01225248810241291 0.0075779036083808565 -0.0073495621661567121 -0.053407358172229018 0.00012039027744949777 -0.0075089375700668958 -0.040267887562839326 0.019614680462628719 0.043288301083052289 0.020616907347691543 -0.011602952147662007 0.054573590703229861 -0.027013382932938347 -0.027612049637038838 -0.025800565866412058 -0.0030019124757606382 0.0085525701218824666 -0.033635027830292714 0.017713242531831937 -0.03604146769952999 -0.031346446678349259 0.014935034478126467 0.00028458825869007826 0.005145982963091756 0.027466260555900193 -0.012750473352880379 -0.030629718861516209 -0.00033204500295148953 0.00028035084104516294 0.038470144900739016
leaf_weight=8.4323114901781064 100.01601077616215 881.27638201415539 325.58566324412823 8.1783139705657941 61.600526317954063 343.76489266753197 20.744868457317352 31.277325987815857 13.927456602454184 23.833707958459858 12.176116719841955 23.116345718502995 7.6954896450042716 11.435362175107 7.4761487543582898 319.29804857075214 188.05999858677387 33.350753381848335 18.368105128407482 21.643021106719971 67.955308198928833 37.034369960427284 22.792099073529243 12.260908380150793 7.9817312508821487 86.683741629123688 8.4649544358253461 2188.1400345861912 37.770451471209526 11.426980584859846
leaf_count=34 402 3545 1308 33 248 1381 84 126 56 96 49 93 31 46 30 1284 755 134 74 89 282 150 94 50 32 348 34 8788 152 46
internal_value=2.19858e-05 0.00064254 0.00301725 -0.00101487 -0.00073818 -0.0087238 -0.0153475 0.00215456 9.7248e-05 0.0121181 0.0206916 0.0261612 0.00851849 -0.000303724 -0.00143388 -0.00565931 0.00635218 -0.0226343 0.039054 -0.0175007 -0.01435 -0.0024994 -0.0234855 -0.0214259 0.00170162 -0.000425869 0.0116437 -0.000810652 0.0177017 0.00974028
internal_weight=4941.77 4750.9 1952.53 2798.37 1071.26 351.943 190.863 745.67 2446.43 146.79 85.1898 73.0136 31.5292 598.879 567.602 368.107 199.495 48.8086 41.4845 182.431 161.686 70.9383 90.7474 33.9039 15.4579 2346.41 71.5898 2274.82 63.1249 49.1974
internal_count=19874 19091 7851 11240 4306 1414 783 2998 9826 591 343 294 127 2407 2281 1480 801 196 167 749 665 289 376 139 62 9424 288 9136 254 198
is_linear=0
shrinkage=0.05


Tree=16
num_leaves=31
num_cat=0
split_feature=0 2 1 5 4 6 8 6 6 6 7 2 5 4 1 2 2 8 8 0 2 2 0 0 7 6 2 5 7 6
split_gain=38.3054 13.7383 8.41543 7.10606 7.78465 7.65706 5.78051 6.34058 6.05366 5.59198 5.23315 5.10947 5.06422 4.89035 4.82609 6.17702 4.76495 4.98858 6.60405 4.95814 7.0367 4.74483 6.46327 5.91118 4.68129 4.6145 4.50749 4.50234 5.98337 4.47055
threshold=-0.0010260837734676895 13.120300016403201 226.00699951171879 3.5321220995181766 21.068571553317728 0.84613361063252723 225.86544415066979 -0.80292644259811408 146.00446267900571 -154.98779133869422 241.05614809260112 1112.5707742309571 2.287860354105224 0.61450251558173374 15048.565117187502 29980.976889648442 8114.6218249511721 12708.520325293959 11399.982042008376 -0.014458005782216786 8579.923094482423 44553.374013671884 0.010464205406606199 0.0054500328842550525 59309.214780012298 0.07583558307486922 9181.8581665039073 0.43653636850153726 48.699393652301801 4.8232257711048634
decision_type=2 2 2 2 2 2 2 2 2 2 2 2 2 2 2 2 2 2 2 2 2 2 2 2 2 2 2 2 2 2
left_child=3 25 12 9 5 -5 7 -4 -8 -1 -9 -6 13 27 -10 -16 -13 18 19 26 -21 22 -17 -23 -19 -2 -18 -3 -29 -7
right_child=1 2 6 4 11 29 8 10 14 -11 -12 16 -14 -15 15 21 17 24 -20 20 -22 23 -24 -25 -26 -27 -28 28 -30 -31
leaf_value=0.020478942945542561 -0.012925495752028008 0.0031431092799361505 0.018430691278559962 0.011659459335520674 -0.015605734845628053 0.038507000051387311 -0.0026244083696538292 -0.017977764910925637 -0.051370917889431267 0.0024480508568063882 -0.062052527539221525 0.01288013208871536 0.018664703173554047 -0.0081571992226446375 0.01984090928846878 -0.0046017312657090515 0.006738480748063662 0.012131764133394313 -0.037635182467602099 -0.019206425807027395 0.014262057084530964 -0.026459189607839509 -0.051138713984112495 0.0065852662710158194 -0.010532592216667329 -0.047600812286501731 -0.039276016039910586 0.049969121127751967 0.0038583326201569834 -0.0028629834419890356
leaf_weight=43.536132112145424 268.5303939729929 119.1144192814827 7.4887760281562796 203.00952561199665 26.398011937737465 46.383475720882416 2192.7926323860884 26.686215758323669 7.4398710429668418 1270.5919438153505 8.7173954844474775 181.51431994140148 57.904065504670143 75.024714887142181 12.672698855400084 12.936265781521799 8.199182793498041 127.56376469135284 13.154050737619398 20.851971283555031 55.102634593844414 22.342523023486137 17.348216190934181 31.484361305832863 26.880371198058128 9.1292817145585996 12.922336563467978 12.211727514863016 15.440329954028128 7.4201062321662894
leaf_count=176 1100 478 30 821 107 188 8782 107 30 5116 35 734 233 301 51 52 33 516 53 84 222 90 70 127 108 37 52 49 62 30
internal_value=2.03701e-05 -0.00367657 -0.00255273 0.00526103 0.00921598 0.0162099 -0.00353286 -0.0215133 -0.00318789 0.00306052 -0.0302367 0.00538913 0.00563038 0.00215895 -0.0149056 -0.0116058 0.00666338 0.00236748 -0.00572754 -0.00106432 0.0049437 -0.0165212 -0.0320426 -0.00736329 0.00814474 -0.0142323 -0.0219165 0.00745192 0.0252551 0.0328535
internal_weight=4940.79 2897.26 2619.6 2043.53 729.4 256.813 2339.91 42.8924 2297.02 1314.13 35.4036 472.587 279.695 221.791 104.224 96.7841 446.189 264.674 110.23 97.0761 75.9546 84.1114 30.2845 53.8269 154.444 277.66 21.1215 146.766 27.6521 53.8036
internal_count=19874 11634 10497 8240 2948 1039 9374 172 9202 5292 142 1909 1123 890 420 390 1802 1068 444 391 306 339 122 217 624 1137 85 589 111 218
is_linear=0
shrinkage=0.05


Tree=17
num_leaves=31
num_cat=0
split_feature=0 1 1 5 4 6 8 6 6 6 7 2 5 5 1 2 2 0 0 2 6 0 6 1 2 5 0 0 1 1
split_gain=34.6109 12.4663 7.65888 6.4225 7.07298 6.9857 5.26399 5.78346 5.52462 5.07448 4.8104 4.61929 4.56572 4.67913 4.45159 5.61789 4.3333 5.91959 5.37022 4.32424 4.86862 5.16954 4.25713 4.25647 6.05627 5.51632 4.2069 6.8616 6.01522 6.87029
threshold=-0.0010260837734676895 13.2871000289917 226.00699951171879 3.5321220995181766 21.068571553317728 0.84613361063252723 225.86544415066979 -0.80292644259811408 146.00446267900571 -154.98779133869422 241.05614809260112 1112.5707742309571 2.287860354105224 1.6092465583817654 15048.565117187502 29980.976889648442 44553.374013671884 0.010464205406606199 0.0054500328842550525 8114.6218249511721 -42.420425522244173 -0.030375920236110684 0.07583558307486922 36914.003984375006 10288.24073730469 974.94519138027431 0.00038235030660871422 0.0025095418095588688 124.87899993896485 86.388799591064469
decision_type=2 2 2 2 2 2 2 2 2 2 2 2 2 2 2 2 2 2 2 2 2 2 2 2 2 2 2 2 2 2
left_child=3 22 12 9 5 -5 7 -4 -8 -1 -9 -6 13 26 -10 -16 17 -17 -18 -13 23 -22 -2 24 -21 -25 -3 28 29 -28
right_child=1 2 6 4 11 -7 8 10 14 -11 -12 19 -14 -15 15 16 18 -19 -20 20 21 -23 -24 25 -26 -27 27 -29 -30 -31
leaf_value=0.019519829011016163 -0.012301341109290554 0.022425620953333919 0.017616530962907211 0.011092858774541386 -0.014828913528448879 0.03136940298433518 -0.0024933222454378238 -0.017121436065838637 -0.049338010684000122 0.0023261281758663421 -0.059405152448792978 0.012256366952751787 0.017773253267986341 -0.024024922110788313 0.018896236760741963 -0.0043894458804626876 -0.025250260426014387 -0.048975388345541021 0.0062624711994034542 -0.0025721374226571644 -0.038823860597848682 2.420006761763373e-05 -0.045678792997266987 -0.01132402437673541 0.042827313512816101 0.029394824662744207 -0.040388812664934201 0.0059881864507054143 -0.054029109263933756 0.012293761790291055
leaf_weight=43.443068444728851 268.50328102707863 26.177063778042793 7.4893271327018729 202.76728144288063 26.443029195070267 53.58979931473732 2192.7290203273296 26.670295611023903 7.4012673348188391 1270.3878664970398 8.6956504732370359 181.27174782752991 57.820247381925583 14.947067871689795 12.690445140004156 12.932270348072054 22.290823325514793 17.255292773246765 31.502892062067986 11.138517513871195 7.9688623845577231 189.46395507454872 9.0810337066650373 24.704688534140587 19.975331544876099 11.301245138049124 8.4731544703245181 146.7866845279932 7.9799688160419455 16.95622219145298
leaf_count=176 1102 105 30 821 107 218 8782 107 30 5116 35 734 233 60 51 52 90 70 127 45 32 764 37 100 81 46 34 589 32 68
internal_value=1.76791e-05 -0.00349676 -0.00242603 0.00500074 0.00876322 0.015437 -0.00336035 -0.020526 -0.00303126 0.00290907 -0.0288657 0.00511561 0.00538907 0.00208829 -0.0142336 -0.0110684 -0.0157654 -0.0306281 -0.00701816 0.00632911 0.00223689 -0.00173155 -0.0135533 0.0137641 0.0270007 0.00190544 0.00408634 0.00131313 -0.0188042 -0.00612424
internal_weight=4938.84 2896.38 2618.8 2042.46 728.624 256.357 2339.66 42.8553 2296.8 1313.83 35.3659 472.267 279.14 221.32 104.073 96.6717 83.9813 30.1876 53.7937 445.824 264.553 197.433 277.584 67.1198 31.1138 36.0059 206.373 180.196 33.4093 25.4294
internal_count=19874 11634 10495 8240 2948 1039 9374 172 9202 5292 142 1909 1121 888 420 390 339 122 217 1802 1068 796 1139 272 126 146 828 723 134 102
is_linear=0
shrinkage=0.05


Tree=18
num_leaves=31
num_cat=0
split_feature=1 3 5 2 4 5 3 3 6 5 8 3 4 6 8 5 2 7 6 3 4 3 8 6 2 4 4 7 3 6
split_gain=15.4332 6.58418 5.77067 11.2644 8.50873 7.69938 6.95052 6.34846 5.66826 5.58694 6.11221 5.3018 5.26454 4.76073 6.38764 5.89419 5.57974 4.82203 4.62156 6.24594 8.55511 6.34774 5.04942 4.59893 4.47084 3.99341 9.13129 4.4041 3.89651 3.96922
threshold=6.4488000202178961 36.845175219591347 1.9589773625809037 4156.2476177978524 0.97259389627664039 68.111968711607872 47.621517746465955 52.355347279320547 -114.56651403981814 244.47832553843867 9156.4738298497159 25.386066138961372 92.298646664681669 -114.56651403981814 8956.984484712315 113.72316830583208 4914.44824951172 10015.045583194218 -0.019414223004506997 52.481953666911934 -0.014833292182080625 61.534304525080451 4.5221459951527461 -33.746776443417794 8649.5053588867213 56.490500918787582 -24.324934445346113 41714.677388070115 77.667273550199539 -0.019414223004506997
decision_type=2 2 2 2 2 2 2 2 2 2 2 2 2 2 2 2 2 2 2 2 2 2 2 2 2 2 2 2 2 2
left_child=1 -1 4 -4 11 -5 -6 8 25 10 12 -2 -10 -9 16 17 -15 24 -3 20 22 -21 -20 -12 -16 26 -7 -27 29 -13
right_child=2 18 3 5 6 7 -8 13 9 -11 23 28 -14 14 15 -17 -18 -19 19 21 -22 -23 -24 -25 -26 27 -28 -29 -30 -31
leaf_value=0.027129258593107088 0.0113904274988089 -0.037839504938235763 0.0068497450376113463 -0.0071882218092252015 -0.051076038705682149 0.0081319341503115275 -0.0069679976138239137 0.018428259569569765 0.019371172320186973 -0.011021469935440767 0.051820612246785372 -0.0023111381189771518 -0.025932199500426131 -0.026653591402672101 -0.024306060731567932 -0.002726076827637721 0.0079698032823040128 -0.031683449213154892 0.010869865873027174 -0.029230012624731995 0.014629326148144516 0.0012356072729049021 -0.031294615599497651 0.017188286555803681 0.026326808830540269 0.031319371487704716 -0.050124761156729258 -0.0040526353189793704 -0.030864520123548501 0.0018117893911348667
leaf_weight=8.4259755164384824 99.882319465279579 20.617231890559196 879.87503096461296 325.38185051083565 8.2048030495643598 16.886468186974529 343.70654228329659 31.214330077171326 23.777608036994938 12.178989574313162 23.009028360247608 1128.2025409042835 7.7046601623296729 11.432708039879797 7.481095537543295 319.03873971104622 187.85703071951866 33.320983916521072 9.2674606293439847 67.305670067667961 37.015354976058006 22.701275318861008 24.413972601294518 18.349710315465931 7.9770537316799164 14.105137497186659 9.9342885315418226 20.609015211462975 9.3920885324478132 1207.5346788167953
leaf_count=34 402 84 3545 1308 33 68 1381 126 96 49 93 4533 31 46 30 1284 755 134 38 282 150 94 101 74 32 57 40 83 38 4853
internal_value=1.47997e-05 -0.0139301 0.000575016 0.00266207 -0.000880598 -0.000783857 -0.00813819 0.00201962 0.0113085 0.0195971 0.0247964 0.000166889 0.00782705 -0.000270691 -0.00133053 -0.00523202 0.0058604 -0.0212381 -0.0159765 -0.012955 -0.00177938 -0.0216169 -0.0197141 0.0372237 0.00183466 -0.00027372 -0.0144722 0.0107943 -0.000315788 -0.000179795
internal_weight=4936.8 189.747 4747.06 1950.13 2796.92 1070.26 351.911 744.877 146.555 85.02 72.841 2445.01 31.4823 598.322 567.108 367.818 199.29 48.7791 181.321 160.704 70.6968 90.0069 33.6814 41.3587 15.4581 61.5349 26.8208 34.7142 2345.13 2335.74
internal_count=19874 783 19091 7851 11240 4306 1414 2998 591 343 294 9826 127 2407 2281 1480 801 196 749 665 289 376 139 167 62 248 108 140 9424 9386
is_linear=0
shrinkage=0.05


Tree=19
num_leaves=31
num_cat=0
split_feature=0 2 2 8 6 7 0 3 2 1 6 7 1 3 3 2 6 1 4 4 0 6 3 7 2 0 6 1 0 7
split_gain=31.276 11.3955 7.37664 6.92373 8.78236 7.61842 14.7787 6.91349 7.33352 6.5739 5.52455 6.97275 5.69397 5.5935 8.10349 5.73814 5.50381 5.06349 4.97159 4.96611 6.55159 5.66354 4.87253 4.85576 4.84828 7.0634 6.76308 6.10222 5.09439 4.74793
threshold=-0.0025939878541976209 13.120300016403201 249.20982460021978 274.09042111835686 1.4975175493454727 260.06745860610505 0.005964219570159913 52.481953666911934 11.524400024414064 5.0825000572204599 -303.21268993799646 63536.030946345971 52209.615625000013 58.991218772668851 58.521656450142956 10.336099991798402 146.00446267900571 263.53419845581061 720.40814662208152 -0.014833292182080625 0.0019761454313993458 -0.010084662624082833 67.287664439952351 245.24599535331231 8223.2316613769544 -0.01267900178208947 0.029069325374010215 20624.320097656255 -0.009264485910534857 10.985688642793546
decision_type=2 2 2 2 2 2 2 2 2 2 2 2 2 2 2 2 2 2 2 2 2 2 2 2 2 2 2 2 2 2
left_child=10 7 17 4 5 6 23 19 9 -9 12 13 -1 14 15 -12 -5 -3 29 -2 -21 -22 -19 -4 25 26 -15 -26 -27 -17
right_child=1 2 3 16 -6 -7 -8 8 -10 -11 11 -13 -14 24 -16 18 -18 22 -20 20 21 -23 -24 -25 27 28 -28 -29 -30 -31
leaf_value=0.0067790681122035807 -0.010861586433941819 0.0028690142269932905 -0.038742611408637939 -0.0019463718908913899 -0.063681130949694922 -0.026644099696699813 0.049638090204137203 -0.029455815495759465 -0.044872666315811618 -0.0077056853288424501 -0.009655157298321582 -0.030051816043612289 0.052122992096032598 -0.036204614305236048 -0.030994652187042185 0.039910742936056204 -0.01310649033231075 0.055275226424624936 0.036923571168727354 -0.0054993415620241013 0.0057001657699180114 0.059608284453316063 0.0024792909577811256 0.0072740954339873473 -0.010011731325157447 0.040312570739948178 0.0077756219743916237 0.016620635438767357 0.016352607349857929 0.004647294493441697
leaf_weight=15.771834895014765 68.21217642724514 443.76014193892479 11.69728207588196 2307.3564391285181 8.1625173240900022 36.857504576444626 11.457008868455885 48.859941408038139 21.476468697190285 118.30885384976864 67.210709348320961 12.940088406205176 11.84947285056114 9.6158124804496747 15.31956574320793 8.6411981433629972 115.08306710422039 8.2364433854818362 11.292519643902777 27.511537313461304 10.347423687577249 8.6220195442438108 8.4813742488622648 9.9602113217115384 49.938749387860298 25.982241049408913 48.499691650271416 36.233840361237526 149.71191416680813 1208.3306259661913
leaf_count=64 280 1782 47 9244 33 148 46 209 87 482 270 52 48 39 62 35 465 33 46 112 42 35 34 40 201 106 197 147 609 4879
internal_value=1.28347e-05 -0.00283495 -0.00188731 -0.00295829 -0.0175147 -0.0113078 0.00604265 -0.0120488 -0.0179103 -0.0142001 0.00557338 0.00519064 0.027373 0.00548853 0.00403598 0.00447382 -0.00248175 0.00392235 0.00525419 -0.00233648 0.0101396 0.0319605 0.0301422 -0.0181927 0.0114077 0.0151306 9.29526e-06 0.00124884 0.020104 0.00493025
internal_weight=4935.73 3264.39 2961.05 2500.57 78.1345 69.972 33.1145 303.338 188.645 167.169 1671.34 1643.72 27.6213 1630.78 1310.79 1295.48 2422.44 460.478 1228.26 114.693 46.481 18.9694 16.7178 21.6575 319.982 233.81 58.1155 86.1726 175.694 1216.97
internal_count=19874 13119 11872 10023 314 281 133 1247 778 691 6755 6643 112 6591 5292 5230 9709 1849 4960 469 189 77 67 87 1299 951 236 348 715 4914
is_linear=0
shrinkage=0.05


Tree=20
num_leaves=31
num_cat=0
split_feature=7 3 4 4 1 5 8 3 3 6 4 4 1 6 5 5 5 2 8 3 2 7 4 4 4 1 4 8 2 3
split_gain=19.279 5.57742 6.65834 5.73516 5.33768 4.53868 11.0692 9.40238 7.42566 13.2842 8.90686 7.7163 7.11831 6.41741 6.02513 5.40393 5.5786 5.535 12.9862 9.1392 5.74309 5.41846 7.00732 6.8435 6.63665 5.35529 5.32424 5.25566 10.3168 4.83809
threshold=6.675298292604892 53.103857894251028 -0.014833292182080625 -0.02242876342763633 4.9030000066757209 1.9589773625809037 6289.2001004113281 35.622528475138687 47.621517746465955 -0.33746404289776016 0.97259389627664039 -0.014833292182080625 282.08689941406254 -48.092449001368145 -313.73226629430286 1.0052383970726873 0.61355687088963384 4914.44824951172 671.6835788912208 40.402159965067092 6409.0308959960939 6661.6014077060363 -15.342589030055363 -56.445932147536489 -45.249752512070351 11390.304541015628 -19.353735354736454 7014.898389173266 8579.923094482423 50.90362879352184
decision_type=2 2 2 2 2 2 2 2 2 2 2 2 2 2 2 2 2 2 2 2 2 2 2 2 2 2 2 2 2 2
left_child=1 2 3 -1 -4 8 -7 -8 10 12 11 14 29 25 -2 16 17 18 -16 -20 -19 24 23 27 -22 -9 -21 -23 -29 -10
right_child=5 -3 4 -5 -6 6 7 13 9 -11 -12 -13 -14 -15 15 -17 -18 20 19 26 21 22 -24 -25 -26 -27 -28 28 -30 -31
leaf_value=-0.012604337868240596 0.010088512927792207 -0.024922001443415855 0.03397687078111624 -0.058089816032697562 -0.0036886328559829168 0.0060848497525604131 -0.039249647843287258 0.022427159538969579 0.023557746499875885 -0.0020351203439369385 -0.049450720992933697 0.019512493050732275 -0.027729505665905586 -0.0029197021357569731 -0.00080477333737948129 0.03348199726958586 -0.034683168222057768 -0.022874384368253457 0.0017038978728157743 0.011338333708004064 0.032852693514299362 -0.017718879869208722 0.037996301904086253 -0.02104525555754682 -0.010311730310688622 0.00270453198979549 0.03587482152575816 0.030241763281661657 -0.0030271766420445073 -0.021062794437983704
leaf_weight=44.666790395975113 167.31595921516418 87.260547176003456 11.282116755843161 7.4367720633745185 39.506869971752167 986.16003973782063 15.189010694622992 43.939881399273872 12.672163978219034 1222.621706366539 7.4749490171670905 59.050127297639847 79.269055142998695 744.94643002748489 615.53982095420361 10.941769346594809 10.695621475577353 37.646293237805367 73.197593495249748 40.372081890702248 21.215157210826874 46.855915188789368 8.4705181866884214 58.834425657987595 14.226040855050085 148.53300923109055 51.637641459703445 24.928335428237915 229.13859888911247 9.9560710489749891
leaf_count=184 673 367 46 31 161 3976 61 177 51 4918 30 239 318 2997 2473 44 43 151 294 162 85 188 34 236 57 600 207 100 921 40
internal_value=-0.000112526 -0.0156808 -0.00767906 -0.0200681 0.00517278 0.000515086 0.00237433 -0.00146922 -0.00077173 -0.00348899 0.00166483 0.00195818 -0.020744 -0.000815894 0.00121024 8.69261e-06 -0.000315309 1.35942e-05 0.00254265 0.0149445 -0.00445628 -0.00268632 -0.00449557 -0.0055986 0.015719 0.00729968 0.0253463 -0.00251887 0.000342845 0.00386486
internal_weight=4930.98 190.153 102.893 52.1036 50.789 4740.83 1938.77 952.608 2802.06 1324.52 1477.54 1470.07 101.897 937.419 1411.02 1243.7 1232.76 1222.06 780.747 165.207 441.315 403.669 368.228 359.757 35.4412 192.473 92.0097 300.923 254.067 22.6282
internal_count=19864 789 422 215 207 19075 7811 3835 11264 5327 5937 5907 409 3774 5668 4995 4951 4908 3136 663 1772 1621 1479 1445 142 777 369 1209 1021 91
is_linear=0
shrinkage=0.05


Tree=21
num_leaves=31
num_cat=0
split_feature=0 2 0 7 2 5 5 0 5 2 0 6 4 6 3 3 3 5 3 5 6 6 6 2 6 2 0 0 0 3
split_gain=30.701 14.0539 5.03644 6.21291 4.41309 4.68106 6.88985 6.57102 7.43171 5.32855 4.66619 4.4027 7.13061 5.61906 5.27248 4.19766 8.99188 4.73491 5.33659 5.20569 4.38956 4.12353 8.35468 4.10613 5.65902 4.21388 7.24924 7.63686 7.22657 7.48333
threshold=-0.0027002459391951557 5.0605750203132631 0.0027766979765146975 5.6867226838444118 5.1987500023841866 0.61355687088963384 -45.806145378521734 -0.0003121684276266023 -91.000646865159865 53042.268691406258 0.0025095418095588688 -48.092449001368145 332.51170440405991 -18.320591858577824 43.475057788072831 58.991218772668851 58.521656450142956 19.736995945444299 73.166288050437018 0.34759330974125408 -348.7685092322285 2.665658449171064 -8.0358295166672047 10.336099991798402 0.011255342741758621 5823.3733422851574 -0.023338271304965016 -0.037615435197949403 -0.0038197481771931048 48.405268081016054
decision_type=2 2 2 2 2 2 2 2 2 2 2 2 2 2 2 2 2 2 2 2 2 2 2 2 2 2 2 2 2 2
left_child=15 -2 4 -4 -3 6 7 8 -6 11 -8 12 14 -13 -7 16 20 19 21 -17 -1 22 -19 24 -22 28 27 -27 -25 -30
right_child=1 2 3 -5 5 9 10 -9 -10 -11 -12 13 -14 -15 -16 17 -18 18 -20 -21 23 -23 -24 25 -26 26 -28 -29 29 -31
leaf_value=0.027010296338255791 -0.023285623565981059 0.033329327037587703 -0.039222468086675996 -0.0038853969585998607 -0.018758402083577465 0.002301630323582062 -0.0063780904857487723 0.01479806500107282 0.017454911384463947 -0.027808365440910143 0.01754505253693214 -0.014966642922628406 -0.014604172531692036 0.003817635467787215 0.054073980727635057 -0.00047164744381014744 -0.032655924372050803 0.019295511479232044 -0.015767621022856972 0.022404380092488033 -0.0011871963969498798 0.01452400616495246 -0.021521673018634072 0.0094009510138506544 -0.039732391531680948 0.0059920672163432803 0.0044355440361654166 -0.021487554948444711 0.0069397857950602203 -0.02126284279395203
leaf_weight=20.642009913921356 81.56934529542923 8.7878201901912671 11.539566606283186 1789.2976024150848 39.954475119709969 7.4738432317972245 567.02195128798485 91.320832222700119 20.730364844202995 12.953883633017538 20.1988685131073 41.903652399778366 8.9609004408121091 554.84917807579041 13.915387123823164 31.922652006149292 15.357272639870642 21.829000845551491 25.391237646341324 110.90284824371338 56.99235874414444 98.043012678623199 26.836815491318703 619.21872137486935 10.448645323514937 42.167423740029335 424.97376120090485 60.842267602682114 52.879916295409203 40.860637292265892
leaf_count=84 348 36 49 7184 160 30 2276 366 83 52 81 168 36 2226 56 129 62 89 103 454 229 397 109 2505 42 170 1717 245 213 165
internal_value=-0.000107455 -0.00291782 -0.0023897 -0.00413348 -0.000126033 -0.00036318 -0.00307167 0.00638689 -0.00630526 0.00276487 -0.00552677 0.00343968 0.0217086 0.00247578 0.0368944 0.00543017 0.00420728 0.0106207 0.00499004 0.0173237 0.00465747 0.00866505 -0.00319329 0.00428446 -0.00765229 0.00493882 0.00154872 -0.0102892 0.00744368 -0.00544815
internal_weight=4929.79 3270.48 3188.91 1800.84 1388.07 1379.28 739.226 152.006 60.6848 640.057 587.221 627.103 30.3501 596.753 21.3892 1659.31 1344.38 314.926 172.1 142.826 1329.03 146.709 48.6658 1308.38 67.441 1240.94 527.983 103.01 712.959 93.7406
internal_count=19864 13151 12803 7233 5570 5534 2966 609 243 2568 2357 2516 122 2394 86 6713 5432 1281 698 583 5370 595 198 5286 271 5015 2132 415 2883 378
is_linear=0
shrinkage=0.05


Tree=22
num_leaves=31
num_cat=0
split_feature=0 8 3 2 6 1 5 8 7 5 0 3 0 6 0 3 8 6 2 6 0 6 7 3 3 0 7 2 0 1
split_gain=27.7176 12.8945 6.87098 5.41183 4.54339 4.4984 5.4825 4.78474 8.40644 6.5783 5.31842 4.58413 4.21878 6.12829 5.02751 3.99623 6.67048 3.98423 4.99578 4.9369 4.69288 3.92312 6.71602 4.73547 7.92566 4.10891 6.38475 6.40779 4.99503 4.55362
threshold=-0.0027002459391951557 13.607260863013499 41.535608699578759 5.0605750203132631 0.07583558307486922 230.82530090332034 8.9588307668069529 345.42363010265291 376.08750768476835 -0.64401909169374805 0.0014584152959287169 39.126812337115162 0.0067653765436261901 0.96151493024149437 -0.0010260837734676895 54.409701131160915 240.62744046883017 -0.019414223004506997 11.267350010871889 0.0029746765863332141 0.0040026560891419658 -154.98779133869422 63536.030946345971 58.991218772668851 58.521656450142956 -0.01267900178208947 9141.773509124896 33257.601054687511 -0.009264485910534857 47460.671171875008
decision_type=2 2 2 2 2 2 2 2 2 2 2 2 2 2 2 2 2 2 2 2 2 2 2 2 2 2 2 2 2 2
left_child=21 2 -2 -4 17 6 11 9 -9 12 15 -3 14 -14 -7 -11 -17 -5 19 20 -19 -1 23 24 -23 -25 28 -28 -27 -29
right_child=1 5 3 4 -6 7 -8 8 -10 10 -12 -13 13 -15 -16 16 -18 18 -20 -21 -22 22 -24 25 -26 26 27 29 -30 -31
leaf_value=0.015992122973872078 0.017710539166289323 -0.023223333531051649 -0.025549637549667992 -0.0231038400090465 -0.041161030067072342 0.002501520141683828 0.037866656642933587 0.044667315265857099 -0.0018862660119983886 0.02412416600765304 -0.008654192538639716 0.0038534513793334196 0.0098302145455432203 -0.034426627163225532 -0.028489930693721372 -0.026333641658222169 0.018390263912323668 0.02952669916803452 -0.0164011427098818 -0.0066534835322569945 -0.0044140325370058573 0.0039548408108592515 -0.0363256380731194 -9.2006362900709334e-05 -0.031046361218418375 0.038282099392729842 -0.0087645106247264178 0.043725266838850307 0.014842471486910811 -0.0033803914613939456
leaf_weight=78.762463733553886 17.130007237195969 15.46864168345928 76.494989320635796 37.060543179512024 10.254424929618834 15.741242066025732 10.349603757262228 8.7391439974307996 2323.7735181301832 26.435149922966957 102.33687721192837 309.86091202497482 26.704446285963058 9.9065489470958692 72.343058854341507 14.223459318280222 17.43928749859333 22.626176774501801 62.653501495718956 72.569028303027153 17.496705427765846 1245.715095192194 8.9696996510028821 71.67959825694561 15.396556138992308 26.975427880883217 49.86666052043438 11.256679505109789 140.92902961373329 8.5928283631801587
leaf_count=321 70 62 329 151 42 63 42 35 9316 106 410 1245 107 40 291 57 70 92 254 297 72 5034 36 291 62 111 201 46 576 35
internal_value=-0.000102558 -0.00277286 -0.0123516 -0.0141263 -0.0101051 -0.00174319 0.00369848 -0.00244216 -0.00169278 -0.00854516 -0.00182261 0.00249879 -0.0171112 -0.00274215 -0.0229856 0.0101537 -0.00189163 -0.00841995 -0.00520298 0.00111237 0.0149785 0.00516137 0.00461147 0.00486825 0.00350326 0.0104045 0.013558 0.000815622 0.0188126 0.0241492
internal_weight=4927.75 3269.61 316.285 299.155 222.66 2953.32 335.679 2617.64 2332.51 285.13 160.435 325.33 124.695 36.611 88.0843 58.0979 31.6627 212.406 175.345 112.692 40.1229 1658.14 1579.38 1570.41 1261.11 309.3 237.621 69.7162 167.904 19.8495
internal_count=19864 13151 1307 1237 908 11844 1349 10495 9351 1144 643 1307 501 147 354 233 127 866 715 461 164 6713 6392 6356 5096 1260 969 282 687 81
is_linear=0
shrinkage=0.05


Tree=23
num_leaves=31
num_cat=0
split_feature=0 8 3 0 3 1 0 7 6 0 6 3 3 0 3 5 5 2 3 6 5 0 8 7 8 0 5 1 3 2
split_gain=25.0448 11.7609 5.55948 7.07579 4.62799 3.95069 3.63334 4.05067 5.75569 8.04345 4.18203 3.92951 4.88188 7.42314 6.51042 5.04552 6.45386 6.66265 5.02432 5.60963 4.60957 6.15582 5.38438 4.28758 5.6119 4.24045 4.22316 6.33971 5.18808 4.13461
threshold=-0.0027002459391951557 6.2908012868231031 52.481953666911934 0.014228853862732651 48.762405890309111 5.0435000419616705 0.0027766979765146975 63536.030946345971 -48.092449001368145 1.0000000180025095e-35 -39.956762419950557 63.857632070488343 59.940510674139738 -0.0013329026987776158 62.276190459871565 0.43653636850153726 -16.547555699462247 3706.005705566407 53.228325875694289 -15.182894547795867 -7.2335065328517532 -0.001659338711760938 406.86074145649036 9296.4449489497038 4107.4509166198241 0.00070678043994121264 15.124302429960059 6572.6535253906259 53.836153840665716 9367.8393334960947
decision_type=2 2 2 2 2 2 2 2 2 2 2 2 2 2 2 2 2 2 2 2 2 2 2 2 2 2 2 2 2 2
left_child=-1 2 3 4 -2 -6 7 8 9 -3 -10 12 15 14 -14 16 17 -12 19 -19 -18 22 -22 24 -21 -20 27 -17 -28 -26
right_child=1 6 -4 -5 5 -7 -8 -9 10 -11 11 -13 13 -15 -16 26 20 18 25 23 21 -23 -24 -25 29 -27 28 -29 -30 -31
leaf_value=0.0049079966817603578 -0.0083329769281741736 -0.0038108767914517613 -0.02577371595568034 -0.046801294745361301 0.046762872468420903 -0.001701434800628306 -0.0035023533118526632 -0.03309966395610351 -0.028537221640549382 0.031658119495407748 0.036528091302246046 0.0059497152782985209 -0.011287998973921555 -0.0041377593102954659 -0.059875456068116145 0.0062119122705312597 -0.021792698850437095 0.020456380201399945 0.042183744177823716 -0.032905206018568757 -0.0053522406647307022 -0.0018198683058006798 -0.035579366341668202 -0.017354778891678104 0.0019892131812147538 -0.0021208297384563354 -0.01688923937274308 0.037885396763747498 0.0053021241578505955 0.038375709427230488
leaf_weight=1657.0330173522234 33.405129194259644 30.128796249628067 76.985834658145905 7.650707781314849 7.8142095357179624 7.9118033796548843 1775.4970801472664 8.2182594239711744 12.227564901113508 32.588735803961754 14.244054093956946 210.43961942195892 16.414030417799953 101.23797459900379 11.677111431956289 203.60237655043602 42.398985609412193 23.733858361840248 12.229076623916628 9.246502220630644 32.668880045413971 322.1394524872303 26.483591482043266 46.931477889418602 60.208895429968834 8.9717533588409406 41.909063681960106 16.208948567509651 67.343627363443375 7.9931247085332862
leaf_count=6713 139 121 332 33 32 33 7129 33 49 131 57 845 66 406 47 817 170 95 49 37 131 1293 106 188 241 36 168 65 270 32
internal_value=-9.76494e-05 -0.00263608 -0.0171 -0.00509756 0.00220058 0.0237364 -0.00201361 -6.78132e-05 0.000157451 0.0148268 -0.000567629 -0.000277485 -0.00151164 -0.0105782 -0.0328491 -0.000249355 -0.00294999 0.00486337 0.00200065 -0.00131553 -0.0063385 -0.00456751 -0.019252 -0.0056 0.00165346 0.0241839 0.00472819 0.00870852 -0.00328641 0.00674655
internal_weight=4925.54 3268.51 133.768 56.7818 49.1311 15.726 3134.74 1359.25 1351.03 62.7175 1288.31 1276.08 1065.64 129.329 28.0911 936.314 607.25 183.559 169.315 148.114 423.691 381.292 59.1525 124.38 77.4485 21.2008 329.064 219.811 109.253 68.202
internal_count=19864 13151 569 237 204 65 12582 5453 5420 252 5168 5119 4274 519 113 3755 2435 735 678 593 1700 1530 237 498 310 85 1320 882 438 273
is_linear=0
shrinkage=0.05


Tree=24
num_leaves=31
num_cat=0
split_feature=0 8 0 6 2 1 5 0 8 7 5 0 0 2 6 7 4 4 1 6 7 1 5 0 0 4 7 0 0 1
split_gain=22.623 10.9627 4.1108 4.91536 5.15219 4.06451 5.00769 4.49896 4.32111 7.6696 5.85724 4.83353 5.61169 3.93826 6.12864 5.68797 3.86431 5.67486 4.07898 3.56517 6.12026 4.53093 6.50682 6.43815 6.16761 5.76237 6.21811 5.74307 10.8649 4.97194
threshold=-0.0027002459391951557 13.607260863013499 -0.0019019739120267329 0.07583558307486922 5.0605750203132631 230.82530090332034 4.5435623088299311 0.011859505902975799 345.42363010265291 376.08750768476835 -0.64401909169374805 8.5707808466395377e-05 -0.0018170882249251006 120.61927522659303 0.29524756474243535 127.05008424876 -1.355619794785184 -2.1504969166950896 239.74329940795903 -154.98779133869422 63536.030946345971 7017.0806347656262 1.8512184499262665 -0.016630152240395542 -0.0029853992164134975 -144.97202790082335 8430.6797721408311 -0.01267900178208947 -0.034810272976756089 5688.583613281251
decision_type=2 2 2 2 2 2 2 2 2 2 2 2 2 2 2 2 2 2 2 2 2 2 2 2 2 2 2 2 2 2
left_child=19 2 -2 4 -4 6 13 -8 10 -10 16 12 -12 15 -15 -3 17 18 -7 -1 21 22 24 25 -21 -23 -27 28 -24 -30
right_child=1 5 3 -5 -6 8 7 -9 9 -11 11 -13 -14 14 -16 -17 -18 -19 -20 20 -22 23 27 -25 -26 26 -28 -29 29 -31
leaf_value=0.015003562489657701 0.012823344931846409 0.00074892929060464274 -0.022790784077810659 -0.046153055392936286 -0.0074582535454079391 0.016299408650637542 0.04478277471164175 0.005832913875622096 0.042770254993556432 -0.0016962393796102898 -0.017541888986463399 -0.0064502685763320943 0.025244866077331413 0.018497388424832062 -0.0051565675577150642 -0.024116155257676842 -0.030347331898792785 0.016834732149194332 -0.020052063269733453 0.00445220533803759 -0.034962462251075084 0.0046210526788740911 0.0302257595921285 0.004026591734393974 -0.019256071316021868 -0.050186484989152791 -0.010871091723749834 0.016663828901175549 -0.0090002023732786967 0.024392211128173871
leaf_weight=78.539701417088509 15.893565148115156 167.59172593057156 73.2891905605793 9.6916956603527051 215.98844118416309 7.9381361007690421 12.301264047622682 17.54756960272789 8.7390080988407117 2323.4488053619862 9.6867575794458372 123.28745710849762 27.41814623773098 67.469786405563354 45.041491284966469 25.647937029600143 33.855973079800606 14.940910264849661 67.771935746073723 681.26807229220867 8.9556999802589399 53.112009048461914 27.785943061113358 369.00279837846756 27.604818224906921 10.696239605545996 80.035801142454147 222.21111352741718 85.168947875499725 11.829763874411581
leaf_count=321 65 673 319 40 883 32 50 71 35 9316 39 494 110 271 181 103 136 60 273 2753 36 214 113 1493 111 43 322 912 347 48
internal_value=-9.36926e-05 -0.00250646 -0.0113603 -0.0126844 -0.0114079 -0.0015588 0.00361429 0.0228162 -0.0022233 -0.00151136 -0.00802555 -0.00168373 0.0139076 0.00167143 0.00906603 -0.00265848 -0.0161167 -0.0105288 -0.0160778 0.00466512 0.00414127 0.00438664 0.00625794 0.00052927 0.00350314 -0.00840826 -0.0160025 0.0118594 0.00323955 -0.00472039
internal_weight=4923.76 3267.55 314.863 298.969 289.278 2952.69 335.6 29.8488 2617.09 2332.19 284.899 160.392 37.1049 305.751 112.511 193.24 124.507 90.651 75.7101 1656.21 1577.67 1568.72 1055.87 512.847 708.873 143.844 90.732 346.996 124.785 96.9987
internal_count=19864 13151 1307 1242 1202 11844 1349 121 10495 9351 1144 643 149 1228 452 776 501 365 305 6713 6392 6356 4284 2072 2864 579 365 1420 508 395
is_linear=0
shrinkage=0.05


end of trees

feature_importances:
log_return=133
SMA_200=112
MACD_hist=97
RSI_14=84
MACD_signal=79
SMA_50=74
MACD=71
BB_upper=56
BB_lower=44

parameters:
[boosting: gbdt]
[objective: binary]
[metric: binary_logloss]
[tree_learner: serial]
[device_type: cpu]
[data_sample_strategy: bagging]
[data: ]
[valid: ]
[num_iterations: 2000]
[learning_rate: 0.05]
[num_leaves: 31]
[num_threads: 0]
[seed: 42]
[deterministic: 0]
[force_col_wise: 0]
[force_row_wise: 0]
[histogram_pool_size: -1]
[max_depth: -1]
[min_data_in_leaf: 30]
[min_sum_hessian_in_leaf: 0.001]
[bagging_fraction: 0.9]
[pos_bagging_fraction: 1]
[neg_bagging_fraction: 1]
[bagging_freq: 5]
[bagging_seed: 400]
[bagging_by_query: 0]
[feature_fraction: 0.9]
[feature_fraction_bynode: 1]
[feature_fraction_seed: 30056]
[extra_trees: 0]
[extra_seed: 12879]
[early_stopping_round: 0]
[early_stopping_min_delta: 0]
[first_metric_only: 0]
[max_delta_step: 0]
[lambda_l1: 0]
[lambda_l2: 1]
[linear_lambda: 0]
[min_gain_to_split: 0]
[drop_rate: 0.1]
[max_drop: 50]
[skip_drop: 0.5]
[xgboost_dart_mode: 0]
[uniform_drop: 0]
[drop_seed: 17869]
[top_rate: 0.2]
[other_rate: 0.1]
[min_data_per_group: 100]
[max_cat_threshold: 32]
[cat_l2: 10]
[cat_smooth: 10]
[max_cat_to_onehot: 4]
[top_k: 20]
[monotone_constraints: ]
[monotone_constraints_method: basic]
[monotone_penalty: 0]
[feature_contri: ]
[forcedsplits_filename: ]
[refit_decay_rate: 0.9]
[cegb_tradeoff: 1]
[cegb_penalty_split: 0]
[cegb_penalty_feature_lazy: ]
[cegb_penalty_feature_coupled: ]
[path_smooth: 0]
[interaction_constraints: ]
[verbosity: -1]
[saved_feature_importance_type: 0]
[use_quantized_grad: 0]
[num_grad_quant_bins: 4]
[quant_train_renew_leaf: 0]
[stochastic_rounding: 1]
[linear_tree: 0]
[max_bin: 255]
[max_bin_by_feature: ]
[min_data_in_bin: 3]
[bin_construct_sample_cnt: 200000]
[data_random_seed: 175]
[is_enable_sparse: 1]
[enable_bundle: 1]
[use_missing: 1]
[zero_as_missing: 0]
[feature_pre_filter: 1]
[pre_partition: 0]
[two_round: 0]
[header: 0]
[label_column: ]
[weight_column: ]
[group_column: ]
[ignore_column: ]
[categorical_feature: ]
[forcedbins_filename: ]
[precise_float_parser: 0]
[parser_config_file: ]
[objective_seed: 16083]
[num_class: 1]
[is_unbalance: 0]
[scale_pos_weight: 1]
[sigmoid: 1]
[boost_from_average: 1]
[reg_sqrt: 0]
[alpha: 0.9]
[fair_c: 1]
[poisson_max_delta_step: 0.7]
[tweedie_variance_power: 1.5]
[lambdarank_truncation_level: 30]
[lambdarank_norm: 1]
[label_gain: ]
[lambdarank_position_bias_regularization: 0]
[eval_at: ]
[multi_error_top_k: 1]
[auc_mu_weights: ]
[num_machines: 1]
[local_listen_port: 12400]
[time_out: 120]
[machine_list_filename: ]
[machines: ]
[gpu_platform_id: -1]
[gpu_device_id: -1]
[gpu_use_dp: 0]
[num_gpu: 1]

end of parameters

pandas_categorical:[]
